41
13
169
61
186
134
220
132
153
93
100
70
199
0
49
71
101
139
170
203
242
64
23
53
75
173
147
18
236
90
60
119
158
74
115
2
88
135
35
211
16
57
1
9
103
190
25
114
175
19
79
155
56
208
81
148
131
130
37
63
185
156
160
102
137
245
204
62
3
20
36
231
210
96
128
181
86
5
182
200
105
144
68
85
163
232
205
184
51
46
39
47
24
176
15
222
45
59
104
92
166
73
65
28
189
149
7
98
167
252
83
239
27
133
143
194
227
29
154
80
191
187
113
201
226
215
230
55
66
43
33
253
125
177
91
26
192
146
172
216
225
206
76
254
126
118
22
110
198
136
197
99
248
21
233
84
202
188
217
171
123
237
116
10
165
129
193
229
159
12
195
31
219
107
213
251
30
209
174
168
243
72
11
235
120
17
162
212
196
77
180
224
69
140
109
44
246
112
82
48
183
207
152
78
214
249
241
67
4
42
240
58
161
6
106
223
97
108
124
38
150
141
228
221
50
151
87
164
138
32
244
145
14
117
111
52
157
34
247
238
255
8
54
95
218
122
234
121
142
94
179
40
178
127
250
89
