10
7 3 8
0 0
5 0
0 2
5 2
1 2
6 0
3 2
6 2
5 6 9
4 0
1 5
2 5
4 4
4 1
3 0
3 4
0 1
3 2
5 3 6
4 0
3 1
2 0
0 2
1 0
3 2
43 39 77
16 30
7 21
26 1
34 17
16 6
42 7
3 1
32 25
1 30
4 8
27 0
13 32
19 9
2 34
5 1
39 27
33 13
36 29
26 18
37 28
15 9
20 11
30 2
39 26
38 24
0 0
30 37
24 23
1 34
42 21
19 16
3 11
39 13
6 17
12 31
0 3
28 32
29 21
39 17
33 3
12 4
31 16
15 31
16 1
32 6
26 26
9 12
37 0
11 9
7 8
37 26
2 15
19 29
16 16
26 7
9 32
6 24
37 22
12 18
34 20
5 17
2 10
10 17
27 11
11 6
10 36
33 37
8 11
14 27
31 2
40 20
25 35
35 26
6 23
19 20
6 22
3 15
33 34 67
5 11
6 13
19 19
15 18
26 21
5 5
2 3
27 20
15 24
30 18
0 2
1 0
17 5
6 8
13 11
29 32
20 10
24 26
22 5
9 12
2 28
31 27
23 0
29 14
4 10
32 27
20 5
3 30
5 6
8 13
21 13
14 29
15 15
5 24
12 20
31 32
32 2
16 31
26 22
12 16
24 2
13 4
19 20
7 8
23 13
31 25
9 6
14 4
30 9
26 32
1 12
27 17
14 19
10 6
29 18
20 28
23 30
24 21
31 5
27 28
5 21
31 17
19 24
8 2
30 7
23 23
28 11
35 32 65
4 26
31 15
28 10
32 19
16 25
5 10
13 0
16 16
7 16
32 28
3 25
2 9
17 19
6 21
8 1
10 21
14 16
11 25
27 5
23 28
25 10
26 2
16 11
6 20
0 6
34 29
2 22
33 17
27 4
1 30
34 10
26 19
23 12
28 30
14 4
4 13
34 28
32 6
24 16
3 0
11 29
28 4
3 11
9 22
32 11
11 22
33 23
24 2
26 4
19 20
18 7
24 21
31 5
17 9
12 23
25 12
13 26
10 19
13 17
7 3
32 29
34 21
31 30
32 0
6 12
35 35 67
28 6
9 1
32 3
27 8
19 30
26 21
3 14
25 33
29 10
24 16
16 26
2 32
1 5
20 17
26 32
4 13
12 11
1 25
10 19
17 15
3 9
14 5
28 11
25 4
31 12
32 4
6 8
30 25
13 11
4 25
8 0
24 5
31 8
5 34
18 6
20 4
8 20
11 27
25 25
32 18
23 33
31 32
34 24
23 16
31 29
2 26
18 31
9 10
23 22
1 3
3 17
6 23
0 9
6 30
22 17
15 33
2 12
5 19
2 13
8 27
17 29
24 19
27 9
23 28
27 5
34 26
12 7
30 49 76
5 25
29 17
19 3
16 42
10 37
18 16
0 24
26 27
2 0
4 30
0 6
19 18
3 36
3 42
0 35
21 7
3 25
17 16
12 7
21 31
23 36
9 30
14 12
8 3
21 22
10 41
13 48
15 22
17 15
25 41
0 16
17 13
2 45
13 43
2 47
15 40
28 38
16 31
23 15
29 29
0 26
18 32
11 26
2 5
16 27
2 3
20 45
15 1
23 0
19 23
11 42
2 15
15 13
10 33
16 47
16 0
21 0
13 10
23 32
20 25
18 7
5 9
27 5
18 36
15 29
21 25
12 4
5 46
22 16
8 48
17 7
19 44
1 2
5 47
18 38
8 47
35 34 66
11 21
4 18
26 32
10 28
22 9
9 31
33 10
12 23
6 8
1 32
11 6
15 32
0 16
19 28
24 10
10 4
3 20
10 9
27 23
2 25
30 16
24 25
18 11
4 5
21 27
21 20
13 30
34 13
18 8
24 3
20 26
33 24
11 5
4 2
3 15
11 10
8 3
8 26
32 13
16 8
19 16
11 26
16 11
3 13
0 0
4 3
26 7
0 11
9 32
4 24
27 13
5 24
15 19
14 22
16 19
26 10
18 19
21 26
33 4
16 29
32 6
14 7
2 7
15 5
34 17
5 14
44 37 80
32 25
21 18
7 3
4 30
34 28
25 34
4 5
11 7
28 13
9 1
20 36
21 28
34 26
2 16
3 0
25 19
1 11
20 23
33 21
14 9
13 35
20 19
27 22
25 1
24 18
0 1
20 21
14 7
11 0
24 19
22 19
35 17
39 14
4 20
17 18
34 32
14 10
6 20
8 16
22 31
18 6
12 14
2 23
34 33
4 0
19 9
35 14
32 7
0 16
6 27
32 23
13 8
0 36
14 1
28 7
41 7
0 30
16 35
4 7
14 33
24 24
30 30
31 0
27 23
27 6
24 23
8 18
23 0
2 20
24 11
35 31
3 21
14 19
1 25
27 21
43 26
12 6
9 10
9 9
22 6
