999 3784
398 667
158 936
304 405
44 479
636 636
774 849
65 462
285 610
65 172
558 678
550 770
294 773
272 777
429 433
172 854
150 994
385 478
510 784
143 714
440 755
334 617
96 448
14 746
445 816
12 57
45 79
388 768
666 666
531 546
281 751
689 998
382 829
259 509
18 32
706 764
118 428
27 804
437 937
277 494
215 330
623 774
44 597
159 260
670 705
227 777
30 343
568 602
134 772
329 712
288 778
130 478
689 691
86 331
501 665
281 858
402 604
98 674
451 829
126 925
171 617
65 130
152 381
371 638
160 545
478 854
13 804
261 927
389 618
136 377
180 403
625 842
343 682
82 156
125 956
104 354
156 261
24 344
383 463
352 722
138 906
732 858
436 951
463 530
602 964
333 348
246 762
251 975
328 967
247 948
755 759
288 910
146 291
263 993
85 86
742 899
281 793
262 967
252 514
152 266
240 485
12 299
73 890
23 794
139 651
261 838
19 483
476 638
632 651
378 829
107 702
20 760
245 878
40 925
736 971
16 177
181 851
427 427
248 636
159 654
461 623
213 869
427 471
125 279
17 474
450 712
452 579
655 746
172 450
228 436
352 838
64 444
281 486
452 867
471 601
19 515
107 159
724 746
195 503
151 357
149 304
420 812
723 755
139 255
654 691
755 958
156 947
472 914
781 820
462 933
21 685
131 829
306 799
30 454
386 831
210 777
37 327
208 867
70 304
130 452
115 900
101 880
319 662
248 956
109 279
65 415
133 764
83 512
727 912
147 695
101 642
71 736
193 814
261 289
26 26
887 898
138 535
409 996
342 498
269 879
344 384
586 969
623 758
26 862
354 783
392 851
558 983
450 984
414 428
261 982
91 92
281 435
690 806
135 334
391 439
25 850
219 665
123 558
125 937
167 390
281 631
70 405
147 227
40 71
30 565
669 829
542 918
23 69
486 602
66 830
133 673
47 146
44 899
70 148
366 663
367 460
360 629
474 638
66 152
463 512
241 694
217 321
654 702
561 829
281 771
78 841
699 775
55 901
506 692
360 447
415 933
32 762
315 478
102 901
290 583
445 469
664 982
371 776
620 620
388 867
748 794
921 921
134 841
315 984
86 514
390 927
222 829
527 746
239 926
175 548
315 933
1 249
472 978
628 755
94 950
497 953
231 610
388 933
321 460
204 660
172 329
16 850
15 587
8 606
512 705
758 758
515 515
210 261
357 929
156 777
25 102
101 667
591 963
146 394
101 859
630 793
167 251
199 541
221 706
369 460
347 755
101 544
88 746
605 998
259 328
755 991
601 740
286 499
152 506
906 906
178 944
647 722
16 159
256 405
426 830
79 132
291 673
47 617
50 212
609 628
204 578
514 550
646 723
398 995
968 993
467 694
862 937
427 601
690 791
297 576
35 944
42 563
228 228
530 921
185 839
462 867
151 602
658 829
305 807
90 123
433 678
219 337
366 428
637 871
47 636
101 108
290 315
448 739
354 473
969 969
665 665
480 530
639 906
617 827
614 694
130 462
171 175
474 776
329 854
47 248
432 439
185 340
570 720
380 560
82 380
767 829
272 373
467 699
450 629
368 742
329 729
125 171
130 315
8 101
15 955
394 895
234 240
39 281
193 547
445 574
158 637
463 921
97 337
244 474
105 978
279 742
122 240
162 482
481 794
729 768
192 590
152 651
241 241
778 814
227 307
230 520
123 964
813 862
163 474
215 463
135 221
971 971
629 768
548 551
622 829
334 394
111 460
478 867
368 937
65 252
614 769
518 907
252 854
289 603
583 854
183 944
548 813
152 610
83 509
19 461
156 603
296 385
722 777
6 313
93 839
473 941
325 533
436 439
450 933
362 602
41 282
665 925
618 981
5 813
162 627
205 316
101 403
597 617
461 849
563 944
281 732
179 362
318 829
434 955
620 984
134 462
699 812
246 678
773 777
484 846
116 138
322 499
55 177
166 474
5 291
448 524
793 979
597 895
210 798
480 509
460 931
777 993
157 239
853 921
15 553
252 712
101 869
605 689
90 900
186 445
829 928
200 204
383 512
243 611
192 656
49 479
755 786
49 636
40 118
102 974
73 362
113 708
643 736
134 620
415 447
955 955
787 851
230 965
44 742
44 334
365 794
58 830
867 984
109 316
217 302
388 415
61 281
678 842
102 654
348 348
478 514
254 777
337 919
42 168
18 568
67 620
175 895
673 754
40 653
260 654
40 97
80 80
101 588
152 683
281 915
281 422
331 757
503 726
588 883
486 678
6 671
804 846
5 26
252 757
661 947
668 829
103 466
480 480
55 155
353 586
290 729
107 905
152 698
384 926
57 263
406 963
102 682
617 813
49 221
550 583
107 682
716 829
637 999
77 794
479 895
69 794
138 844
315 415
28 138
474 785
152 692
474 681
61 377
723 958
565 689
42 110
445 894
303 472
617 742
121 292
75 737
543 915
63 536
445 718
460 825
693 885
340 511
99 474
55 749
699 969
647 777
784 847
445 504
693 971
49 109
755 839
296 478
151 429
384 699
197 839
781 982
829 952
103 785
71 501
46 253
494 915
563 950
28 297
583 772
394 764
531 969
777 982
244 950
75 152
813 956
78 315
107 749
306 948
770 984
24 639
472 807
344 832
732 795
435 983
136 281
241 424
569 755
246 286
423 893
150 685
175 617
183 366
705 799
25 702
116 614
55 974
124 839
564 829
103 244
189 204
720 897
842 979
95 445
583 712
430 474
661 765
274 456
123 831
287 602
343 654
90 242
49 205
331 447
567 929
177 974
198 443
390 912
58 285
746 779
459 824
366 785
428 919
172 514
63 184
167 879
428 925
329 452
82 269
519 755
136 964
155 850
85 729
273 464
293 863
240 918
67 208
850 974
243 486
115 821
157 420
197 755
434 515
573 804
204 938
321 963
388 462
50 732
922 950
712 933
159 689
219 950
732 964
116 384
34 756
801 828
282 926
864 969
161 573
6 196
697 717
470 955
279 617
208 514
272 274
968 982
191 832
630 762
281 979
20 562
113 590
456 912
450 768
73 277
178 834
897 990
152 613
722 982
107 454
334 813
449 598
28 384
103 653
22 156
110 428
271 831
727 777
141 638
311 823
797 797
120 152
254 975
6 375
40 244
142 463
147 503
128 751
129 402
237 996
639 639
28 241
617 754
171 394
262 705
49 175
511 755
415 768
478 712
230 537
315 712
204 220
661 664
670 826
388 583
306 967
42 665
114 141
447 933
244 663
197 788
330 853
210 968
751 920
368 617
590 735
65 85
817 851
190 979
152 596
770 841
479 754
85 770
21 876
156 158
515 774
510 603
330 981
775 926
81 525
480 921
5 133
261 664
341 994
294 993
455 621
634 839
238 609
643 950
324 829
576 586
473 945
12 352
99 178
24 282
297 812
405 848
105 807
133 899
694 782
168 474
563 653
230 892
755 865
44 617
583 770
360 462
449 848
553 774
290 984
187 829
65 729
130 729
103 219
546 782
159 998
813 930
114 776
45 925
281 662
366 430
233 272
175 956
362 422
25 691
742 862
474 971
385 629
597 673
83 780
49 125
854 984
155 974
529 582
597 754
299 408
279 862
22 936
16 55
822 827
103 126
172 452
292 480
576 639
499 821
16 749
328 618
289 936
862 895
191 241
266 266
647 999
81 774
55 260
380 664
32 281
478 579
304 815
208 768
901 974
568 858
290 385
87 132
204 399
243 543
630 821
83 967
83 328
390 777
394 899
22 661
637 947
309 993
834 885
433 630
81 955
377 419
635 829
344 353
5 822
449 489
130 768
115 281
517 732
474 796
26 636
239 420
119 204
428 474
605 654
445 940
383 666
46 968
272 560
389 799
408 838
964 983
149 256
432 745
794 801
24 769
230 889
24 969
107 998
31 354
210 695
384 812
157 384
147 289
618 666
246 870
722 879
259 853
503 808
689 702
344 420
439 745
159 702
169 204
316 827
133 937
933 984
246 973
252 447
450 867
49 617
67 478
242 915
471 659
125 394
82 456
695 765
347 994
330 330
461 470
167 269
662 983
40 922
90 793
646 755
299 373
133 754
279 937
383 480
459 710
348 708
277 762
358 710
425 904
620 712
354 541
191 344
673 822
585 829
21 89
925 971
309 840
297 546
359 746
158 299
544 588
243 494
873 941
239 576
158 727
259 480
27 201
365 898
20 444
316 764
148 815
547 910
765 847
384 906
170 755
57 352
12 777
434 758
146 862
749 998
360 583
56 590
135 956
83 618
221 813
92 101
605 691
115 678
39 50
434 623
195 661
315 385
548 636
108 358
264 511
842 920
583 620
565 974
749 905
617 673
296 450
488 541
775 782
746 932
138 699
54 815
247 981
208 462
289 777
78 729
25 749
412 461
447 770
329 772
35 474
83 670
768 933
597 827
265 876
620 629
412 774
670 921
755 986
717 951
268 755
124 347
395 829
5 862
305 599
535 586
158 722
257 746
67 770
247 799
238 755
97 638
133 548
80 273
832 864
101 891
423 958
746 809
790 829
389 480
215 383
704 829
118 944
111 111
178 919
332 829
712 768
339 801
353 769
432 697
78 331
682 974
276 345
248 597
703 880
149 657
754 895
5 742
47 135
436 464
87 366
572 803
673 862
447 629
919 950
366 474
147 975
281 322
33 228
135 248
251 661
3 746
79 337
638 653
890 900
302 345
6 117
499 751
167 560
67 78
323 354
262 981
18 386
30 654
150 755
343 689
160 571
419 662
706 813
58 255
415 841
588 824
128 281
121 670
204 225
841 984
97 466
696 935
317 829
40 366
168 414
473 541
394 706
36 152
545 589
175 706
84 101
687 775
52 204
87 94
71 776
770 933
795 900
794 898
292 705
183 693
414 693
115 979
39 771
152 325
337 337
617 937
443 599
576 906
116 926
430 693
281 911
629 984
399 987
191 535
281 286
151 983
102 177
354 856
25 30
277 281
565 998
24 191
128 287
839 958
78 620
461 515
829 949
144 240
405 477
304 657
385 550
77 988
377 494
411 996
79 526
24 157
185 197
294 726
168 785
331 841
25 901
695 936
189 225
102 689
41 344
90 762
462 772
661 777
551 754
133 597
755 893
794 887
138 282
16 155
34 152
185 755
294 784
453 488
271 281
430 638
71 114
59 794
244 971
677 891
271 413
666 670
754 813
116 586
248 617
252 867
110 163
639 694
20 886
424 812
178 643
363 736
126 501
107 850
424 943
754 822
219 474
126 526
166 922
22 251
334 930
21 755
352 777
383 853
434 774
61 795
373 838
155 998
597 742
252 933
290 331
55 998
145 690
209 460
331 450
32 246
699 832
360 514
57 309
777 947
600 839
383 799
128 821
546 694
384 576
85 329
583 583
114 971
242 357
452 478
694 906
208 360
458 487
156 309
15 15
425 569
107 691
443 713
226 609
89 341
272 838
777 968
73 202
770 854
118 183
97 132
89 264
98 487
179 281
316 617
221 597
780 921
178 563
101 459
147 267
729 772
297 943
664 975
292 780
79 103
175 822
221 956
478 984
199 696
501 563
130 841
193 193
114 681
408 777
746 881
354 411
159 454
47 109
304 972
205 437
390 861
156 664
157 614
677 761
281 517
93 876
543 771
769 926
250 445
208 331
166 919
41 116
152 756
254 456
102 691
765 879
492 723
82 777
484 804
329 447
67 172
133 279
273 391
282 467
478 550
322 662
394 479
414 466
587 623
305 443
774 955
25 689
625 983
329 933
175 316
65 757
102 565
30 605
430 526
1 216
849 849
672 746
132 925
97 885
149 477
438 746
6 539
331 772
146 956
204 882
343 605
138 832
30 159
2 746
436 621
471 740
538 746
386 499
299 777
228 391
188 224
26 279
296 712
956 956
300 491
102 605
354 941
28 344
134 478
27 174
98 720
15 758
17 663
263 299
290 478
286 567
294 664
15 849
212 319
39 858
568 678
246 281
42 141
197 569
277 567
251 936
34 285
126 922
464 797
24 926
42 126
121 799
439 717
512 967
602 630
173 325
42 474
445 468
243 433
184 536
16 654
163 919
241 699
745 797
829 877
583 768
298 829
243 929
42 834
101 615
53 442
57 274
491 735
374 746
437 822
310 870
746 818
159 343
360 841
281 377
838 947
433 662
474 925
560 765
263 294
743 755
152 709
461 758
829 855
101 992
525 525
172 768
535 546
47 764
86 757
777 871
85 579
141 168
65 447
371 474
535 775
691 905
54 304
895 956
548 895
550 854
216 997
83 383
7 198
82 784
291 822
46 267
217 367
315 462
789 829
114 414
19 19
433 890
415 462
793 795
541 945
83 705
202 631
18 271
239 769
171 551
11 666
128 831
639 844
563 785
600 994
159 691
86 984
288 814
930 937
547 778
249 859
563 643
352 456
667 845
130 415
212 678
30 691
479 548
307 637
765 912
603 777
611 900
83 389
548 822
772 867
412 955
570 990
5 5
334 673
822 899
296 933
337 428
204 206
682 850
415 452
156 840
26 548
55 689
562 645
136 911
152 231
7 443
168 776
141 663
157 546
172 385
794 988
65 478
101 327
110 118
260 689
344 531
238 958
79 474
281 611
152 734
417 445
487 674
494 499
201 846
47 175
565 905
150 511
132 337
126 785
436 745
115 286
281 429
282 353
360 772
745 878
152 255
721 829
388 388
44 548
116 782
703 891
720 954
411 990
123 281
483 525
83 981
768 772
91 733
91 101
33 439
260 974
85 134
296 583
383 981
524 590
498 720
473 488
194 746
199 354
248 930
81 758
139 402
755 909
851 913
470 623
103 776
294 777
27 484
146 617
177 998
456 695
180 837
316 899
876 934
454 905
477 489
372 603
553 623
629 712
850 998
431 910
439 908
175 221
619 829
70 815
517 890
623 849
751 821
93 755
110 474
142 262
394 597
219 796
101 741
103 925
252 620
208 933
26 125
99 922
16 605
147 982
219 776
171 956
21 347
455 697
106 829
155 905
303 914
341 755
103 141
183 638
217 460
697 908
67 388
427 659
39 964
344 586
380 777
281 630
261 765
663 663
71 919
726 727
16 901
473 495
640 860
794 953
118 653
337 466
97 653
125 133
599 978
171 673
746 946
158 777
267 861
83 142
204 902
388 841
445 648
67 450
177 689
536 884
45 183
331 933
55 102
570 856
605 901
862 862
461 774
463 509
643 665
291 827
678 858
269 777
261 777
456 560
575 815
380 838
354 990
742 754
109 248
6 819
5 205
40 474
813 937
424 832
101 213
241 576
545 590
878 951
354 488
334 706
474 693
110 501
329 514
352 637
22 456
5 548
101 606
6 554
769 769
829 916
413 821
307 777
34 698
221 764
217 518
67 447
603 722
98 354
44 133
253 661
687 812
256 815
30 155
597 597
191 782
81 434
83 280
178 736
605 850
101 557
344 535
617 822
42 653
628 893
241 467
159 565
260 901
185 788
255 709
344 943
372 975
496 533
134 854
654 905
64 534
166 563
44 248
1 101
281 983
757 933
462 462
204 214
45 919
470 515
162 416
116 353
316 822
514 933
713 807
114 474
300 590
96 571
673 706
307 773
265 425
797 951
115 322
613 633
342 803
142 292
723 876
253 603
352 975
83 799
228 273
259 383
373 861
822 895
89 268
241 297
384 864
66 698
208 854
405 598
86 550
253 274
713 978
695 727
160 656
198 713
11 215
50 422
493 746
252 385
5 437
263 307
160 590
486 821
94 366
388 984
17 114
17 501
25 107
603 861
191 424
101 824
96 524
142 618
193 288
233 861
344 687
412 483
525 553
617 862
87 663
85 331
67 629
335 471
607 829
331 462
101 508
447 620
190 286
191 906
41 906
330 780
780 826
348 448
50 662
346 829
548 937
287 890
474 919
64 562
73 413
25 177
227 847
686 829
267 726
205 813
784 936
110 944
551 617
447 550
53 356
281 602
274 947
499 517
406 594
373 510
201 484
245 745
410 823
742 742
344 969
205 930
590 860
309 777
26 895
24 424
138 769
354 945
618 799
746 874
688 851
147 726
334 862
746 917
483 955
428 922
16 343
107 260
775 906
175 899
304 449
219 476
242 281
331 478
434 461
510 637
6 62
78 462
199 856
772 854
17 971
76 829
344 844
360 712
682 702
290 933
233 777
653 796
450 583
365 482
97 681
251 784
83 262
252 415
682 689
109 437
605 682
122 542
67 550
773 999
474 834
212 212
271 631
322 831
286 762
675 778
243 281
315 315
114 665
35 785
525 623
535 906
94 785
125 742
148 598
133 248
629 933
514 867
458 570
6 888
281 357
777 936
617 764
31 237
33 455
282 384
46 993
391 436
872 951
24 546
389 981
829 962
80 245
78 854
328 705
531 782
253 299
393 411
344 782
64 886
115 831
78 452
134 252
5 175
909 958
221 937
263 982
17 736
246 558
125 548
158 820
164 460
247 618
42 183
55 565
867 867
461 553
264 755
20 645
46 726
22 272
474 563
393 856
235 460
86 385
546 812
762 771
152 633
142 705
82 227
124 755
503 664
208 447
87 163
152 173
104 323
204 401
109 368
511 646
416 794
238 511
171 248
158 808
479 956
682 901
447 583
65 984
239 943
617 895
176 884
663 776
277 979
636 813
408 879
46 309
645 760
781 999
381 381
205 742
171 937
26 334
134 315
210 999
416 482
175 368
161 174
445 581
354 873
71 474
163 950
362 386
13 573
687 699
565 654
174 314
239 531
476 665
112 445
171 548
279 368
166 944
254 982
148 304
722 784
134 329
777 808
344 699
147 727
366 950
530 705
179 911
168 643
590 739
109 813
543 795
12 167
49 706
590 708
126 414
25 605
83 666
156 195
55 850
218 445
319 319
165 746
44 49
281 386
146 813
28 614
125 479
111 825
79 665
297 353
267 820
209 825
157 535
101 977
281 973
435 964
39 429
474 663
17 141
322 625
166 244
114 183
447 478
141 665
334 636
321 507
101 336
489 657
710 733
243 319
314 846
637 777
674 990
316 551
253 777
778 778
152 402
388 447
12 82
45 663
135 479
101 703
89 755
617 636
281 842
362 662
147 261
483 758
210 879
470 774
842 870
474 476
78 867
15 623
94 466
25 998
328 670
159 974
94 94
202 281
397 746
237 354
252 331
352 840
133 617
829 980
547 675
664 777
279 291
92 677
279 827
515 623
445 866
794 828
56 739
776 919
244 834
480 967
281 964
101 490
390 773
280 292
299 847
565 702
205 479
755 788
492 755
285 756
171 636
252 290
33 245
304 598
694 926
320 460
344 576
61 558
423 628
47 49
509 780
460 963
262 853
305 978
535 864
665 950
85 933
136 271
30 689
597 956
6 232
109 205
291 899
334 899
777 847
597 813
503 936
297 535
937 937
428 834
316 636
360 867
172 984
390 838
749 850
639 699
45 71
46 871
445 521
292 921
260 850
579 854
515 525
297 926
296 329
406 555
598 815
109 175
130 629
586 694
291 636
51 829
121 826
259 670
141 363
646 786
732 915
696 803
291 754
29 829
81 483
221 479
445 626
418 794
24 943
118 693
329 462
548 754
274 777
26 617
354 487
94 526
172 579
61 762
376 746
812 969
152 285
24 239
105 472
195 777
204 836
147 664
838 993
248 548
447 854
780 981
25 454
286 422
477 972
46 777
265 723
821 964
467 769
55 691
445 584
72 471
849 955
149 815
560 847
297 906
742 813
281 678
101 216
132 950
128 973
240 835
177 343
479 673
770 770
6 140
57 777
81 587
344 769
445 624
219 653
331 729
415 984
30 905
497 748
198 305
447 729
41 297
583 933
215 480
556 829
553 553
272 510
61 494
329 984
605 749
712 770
691 901
531 576
445 750
647 982
609 788
586 864
204 987
87 693
757 757
502 829
30 30
380 808
28 639
691 974
535 694
242 243
93 934
551 764
239 864
152 426
460 555
345 460
204 676
204 875
609 755
252 579
757 984
64 760
279 813
343 905
191 546
368 597
758 849
344 614
921 967
305 713
28 420
514 768
879 993
177 654
415 712
241 344
831 983
5 44
602 751
86 315
204 404
604 633
578 938
158 847
261 936
664 993
315 331
78 770
450 757
163 168
646 788
128 771
630 973
230 350
177 905
130 620
440 759
460 591
281 870
141 950
67 933
204 407
78 579
101 766
380 947
930 930
191 864
177 260
327 358
447 841
18 281
10 204
47 437
42 785
54 972
379 829
349 445
193 675
190 662
829 985
355 746
315 841
567 890
251 777
447 452
245 872
68 746
335 601
915 920
163 371
73 281
245 908
30 974
839 924
322 611
291 764
749 974
353 782
83 921
565 749
281 762
402 756
125 813
173 610
613 737
281 433
777 999
240 542
706 827
753 829
388 452
44 956
748 887
310 973
35 638
430 834
814 910
26 316
558 793
458 954
15 774
23 223
146 822
905 998
421 746
363 474
315 360
121 666
546 906
226 685
281 499
687 864
337 474
452 462
344 775
123 419
254 352
598 848
291 617
288 431
162 794
157 586
159 177
19 81
44 827
727 975
362 567
152 632
777 838
16 689
130 712
65 67
260 605
49 895
331 867
212 751
286 920
296 315
79 643
691 702
474 885
97 166
229 690
19 587
822 930
263 269
57 726
191 191
448 644
175 862
118 466
105 914
322 678
208 385
765 784
900 964
394 617
38 204
133 862
254 647
116 906
512 799
281 319
371 501
352 380
629 841
204 811
746 752
47 279
771 771
841 854
192 644
296 550
280 480
620 768
256 848
450 478
17 919
439 872
204 616
157 699
729 770
130 933
78 415
514 772
85 583
560 840
288 475
488 945
309 456
402 496
28 467
573 846
103 430
437 813
389 967
67 462
281 795
26 146
546 614
102 155
17 563
456 777
46 147
722 727
772 772
478 583
363 796
636 764
711 829
448 491
474 922
78 933
6 577
102 998
242 602
263 309
793 983
288 547
221 742
61 319
71 366
354 696
67 583
755 876
411 941
280 705
429 793
25 25
199 473
825 957
850 901
901 998
44 895
536 863
81 461
190 281
167 777
641 829
463 981
192 524
436 908
620 867
439 464
128 377
385 772
297 420
799 921
503 777
107 901
245 439
39 377
40 168
777 781
7 978
248 673
221 636
869 883
773 840
841 867
389 530
625 662
479 764
125 146
424 531
398 403
343 749
281 543
369 518
169 189
83 247
670 853
513 963
239 384
94 663
281 900
769 906
151 310
216 883
34 633
103 474
71 638
248 437
103 163
151 281
183 526
185 904
86 252
437 437
689 974
445 684
782 812
163 563
268 425
461 525
458 783
467 943
464 951
261 373
224 744
822 862
603 840
289 727
141 526
309 390
16 107
354 453
249 336
175 764
550 867
155 749
782 864
454 974
152 496
5 146
840 927
279 930
12 390
800 829
142 330
5 930
831 979
434 553
296 462
228 951
79 244
357 973
593 829
343 850
412 553
261 267
687 906
46 254
123 151
368 895
385 388
287 567
57 773
457 829
618 967
456 773
86 208
83 530
53 843
166 663
57 289
152 737
17 363
120 709
344 639
89 893
171 754
78 360
776 885
288 675
265 492
260 749
693 796
354 572
26 899
861 861
322 870
364 746
87 950
340 755
65 841
146 636
842 911
247 389
191 699
796 885
221 221
78 550
205 754
330 705
408 560
540 746
177 565
134 933
252 729
368 548
157 344
439 951
331 452
654 682
85 620
78 757
681 776
12 999
328 383
159 605
24 699
252 315
633 737
950 971
362 499
215 259
567 973
101 677
157 639
198 599
154 445
25 155
424 424
643 693
83 480
211 224
86 360
94 414
243 630
134 172
260 702
287 517
551 937
97 97
67 415
587 849
491 590
746 960
445 961
794 942
94 118
681 971
18 793
605 702
198 978
45 526
133 822
230 283
118 474
420 694
276 320
107 155
176 536
281 890
777 820
128 517
343 974
854 867
85 172
263 927
636 673
452 550
445 731
15 470
170 600
443 978
152 604
464 697
385 462
44 822
755 924
719 829
526 971
636 899
158 993
174 573
179 568
158 263
81 412
871 927
46 456
411 458
135 617
41 191
78 252
233 390
829 857
507 957
452 768
445 730
708 860
689 901
702 974
328 853
484 573
104 473
337 885
460 518
353 926
548 956
158 765
183 796
605 905
347 986
467 832
479 742
385 933
65 629
279 548
829 852
827 827
419 435
11 780
920 983
280 328
24 531
271 625
272 879
445 516
114 163
306 780
389 826
96 590
494 558
344 906
454 605
295 829
415 729
178 474
628 868
139 683
282 699
777 975
190 630
782 832
337 665
50 281
272 307
83 215
137 240
665 885
44 551
732 771
24 420
391 872
54 598
67 867
67 385
388 770
563 834
296 579
80 436
424 576
829 966
339 365
20 64
600 646
636 827
233 871
253 847
422 793
113 491
331 415
110 736
666 853
164 957
50 678
116 775
745 951
679 829
248 895
158 251
160 589
32 771
27 846
861 982
742 827
394 827
547 814
204 500
30 850
22 975
354 393
90 281
102 102
290 388
37 880
430 944
829 989
354 409
550 984
134 770
543 543
71 244
74 445
125 617
265 755
462 629
33 697
447 984
9 829
412 515
777 927
26 291
56 640
563 885
101 180
118 834
67 296
252 841
385 579
254 560
587 955
639 864
248 551
134 629
101 761
478 629
221 548
535 639
7 472
316 437
793 911
354 810
247 670
654 850
431 778
360 933
264 609
909 924
83 292
135 742
758 774
385 841
460 907
567 900
80 455
736 736
32 499
777 912
535 782
132 474
629 772
15 81
33 436
171 279
221 291
281 821
746 970
529 794
272 982
93 93
320 594
352 999
102 905
685 755
682 905
435 499
46 661
832 943
5 956
83 121
510 777
244 337
71 925
511 986
105 713
99 736
151 911
85 385
571 708
13 846
245 273
65 296
25 565
844 943
598 972
474 653
606 837
46 167
627 794
450 579
419 433
506 737
40 796
22 722
136 870
53 701
178 922
172 772
45 643
8 403
309 975
17 693
589 739
129 152
553 955
261 695
193 778
133 813
292 799
396 755
334 937
224 559
576 614
79 776
362 915
139 506
138 467
281 625
338 794
11 967
47 205
377 433
419 732
393 945
386 795
360 452
494 517
777 861
334 822
444 645
353 943
102 850
30 749
127 690
472 713
479 899
477 848
101 837
294 408
441 829
281 494
125 551
155 159
983 983
693 922
215 967
685 893
586 906
868 934
455 908
141 337
116 467
419 567
422 611
768 854
108 327
675 814
608 746
423 865
134 290
107 107
281 558
5 617
73 433
73 136
252 462
746 802
243 964
253 726
102 159
755 868
895 937
315 768
18 517
139 152
276 460
662 858
125 221
334 827
420 639
494 911
265 511
175 291
209 320
134 208
269 773
97 168
101 976
213 403
337 693
522 536
480 799
291 394
296 768
617 899
312 746
20 534
436 455
462 729
32 429
168 466
453 487
155 343
130 130
97 474
893 924
344 812
600 755
240 505
260 905
807 978
420 586
58 152
26 956
354 935
755 904
304 848
373 777
792 829
797 878
172 208
394 937
133 706
673 899
280 967
212 630
340 628
6 523
742 956
81 553
130 867
101 710
617 930
15 461
774 774
755 934
41 424
141 944
820 947
666 826
47 316
83 948
155 605
474 643
901 905
702 850
304 489
273 436
24 844
142 383
412 623
304 477
388 478
31 856
184 884
110 663
348 590
124 876
409 941
43 829
385 514
391 745
281 567
560 820
107 565
534 886
156 975
86 450
304 575
727 840
643 885
726 777
682 749
400 746
109 548
353 864
372 777
101 275
116 191
712 984
848 848
57 503
128 277
829 903
424 906
460 594
199 411
78 514
372 968
412 434
354 897
208 452
967 981
26 368
289 781
55 605
264 423
130 360
13 484
680 829
268 786
826 981
576 775
343 702
476 693
163 776
83 259
19 412
104 783
48 829
171 706
94 474
303 978
362 795
864 926
152 278
458 495
727 781
315 772
179 319
83 853
101 733
360 984
7 105
208 296
203 224
133 316
109 146
414 971
100 445
366 919
116 344
326 829
357 543
419 973
430 653
259 780
40 163
193 910
729 933
294 798
509 618
16 905
155 454
190 190
34 402
603 999
394 548
4 445
73 115
87 474
425 755
478 841
354 803
920 973
15 434
236 746
47 673
22 777
460 957
125 895
37 101
353 687
452 729
152 747
636 706
79 79
424 699
102 702
5 248
488 996
25 905
511 904
67 315
16 565
445 650
501 663
128 611
551 813
652 829
436 878
286 568
253 798
512 618
94 736
207 829
446 746
212 281
170 876
251 947
17 45
371 466
770 772
15 19
426 709
424 769
16 260
282 344
103 363
44 394
61 486
175 279
560 777
228 745
281 287
482 794
138 775
172 415
796 922
479 822
297 864
474 944
296 447
570 783
316 394
310 890
315 770
474 665
85 450
101 358
94 834
171 221
867 933
363 414
16 30
634 755
279 316
465 814
146 754
205 617
221 617
215 509
553 758
141 474
310 631
445 763
602 821
251 352
579 933
279 754
41 576
315 514
868 904
158 975
625 900
300 735
205 862
344 864
673 827
238 991
277 435
297 769
25 260
204 707
81 623
351 829
354 720
344 546
386 821
638 785
638 643
289 808
83 330
109 895
639 969
241 943
453 458
101 398
343 565
128 858
905 974
77 418
281 362
638 681
757 770
18 419
354 458
125 248
333 590
243 870
551 597
60 445
524 640
625 751
765 975
155 565
85 415
259 618
751 858
717 797
420 699
452 514
221 437
384 769
777 784
281 413
354 498
215 921
777 840
770 867
156 503
172 770
366 638
42 430
219 922
755 994
354 495
741 976
5 597
80 717
104 954
362 831
841 933
735 860
592 829
486 732
22 408
353 535
571 590
226 893
101 714
515 849
290 296
363 563
832 926
101 845
483 623
340 876
309 982
690 725
124 723
175 248
383 670
284 445
776 796
595 746
272 294
445 549
432 436
850 905
223 794
455 878
579 984
480 666
745 908
179 611
185 893
474 526
204 959
67 854
101 995
742 937
18 212
448 590
177 605
617 706
17 428
281 929
436 797
157 531
138 239
780 799
55 905
406 460
141 219
470 849
434 483
26 742
39 499
86 933
330 670
102 454
294 510
191 614
65 933
149 405
87 501
460 513
329 757
419 821
431 675
130 579
514 583
281 310
957 963
201 804
130 331
240 258
642 891
22 637
5 754
208 329
590 640
47 368
461 955
499 568
331 514
153 204
158 373
273 439
479 617
461 483
478 768
40 363
454 998
221 895
452 772
267 727
605 974
563 919
344 694
183 776
454 691
331 629
297 614
57 936
231 325
329 388
909 994
281 831
118 796
464 464
240 387
535 969
57 695
694 864
202 277
254 861
580 746
146 742
205 956
81 849
30 107
275 883
290 579
286 751
168 681
7 914
85 772
172 933
44 636
361 445
259 530
228 908
12 195
615 977
263 777
57 390
178 663
226 755
419 870
551 822
786 986
565 901
639 926
212 831
414 474
456 798
19 623
315 388
974 998
314 804
69 338
269 647
302 367
81 515
12 838
121 509
781 838
285 692
155 177
13 27
306 826
265 646
746 939
334 548
101 997
315 757
743 839
297 832
872 908
244 414
487 945
161 314
134 360
393 810
16 974
254 784
497 794
342 354
854 933
437 479
445 715
532 746
424 775
477 815
215 306
691 850
92 108
296 772
354 996
456 993
372 726
245 436
281 568
422 973
394 394
116 576
914 978
183 474
456 871
380 781
745 872
244 776
590 644
259 330
219 834
147 158
102 260
47 899
267 777
820 840
107 654
226 904
729 854
597 822
589 590
49 764
344 926
526 653
452 933
17 796
79 736
177 454
178 526
67 331
221 822
251 927
433 842
175 334
780 948
208 757
215 328
478 933
28 969
293 536
565 605
182 536
67 86
391 797
550 729
55 159
35 79
604 830
515 955
65 768
565 682
470 525
492 511
664 847
454 682
289 927
90 915
654 901
161 846
151 625
315 854
345 963
85 130
514 984
288 465
506 747
204 896
281 419
152 830
101 249
35 371
204 301
49 742
245 621
116 769
155 654
695 777
512 981
546 639
49 135
175 394
166 466
135 175
822 956
339 794
33 273
531 864
696 990
78 134
79 363
47 706
677 869
911 920
839 994
552 829
696 996
204 270
107 974
428 638
110 796
114 663
224 308
462 579
981 981
474 501
682 682
251 254
666 981
204 923
423 755
728 829
354 954
765 777
45 474
30 177
620 933
437 617
546 586
654 749
107 343
22 147
373 647
83 306
107 605
976 995
291 895
170 519
749 901
156 781
357 486
773 912
636 895
697 872
17 178
639 832
290 329
363 950
33 391
157 943
430 922
777 798
136 286
590 656
694 775
699 864
805 829
371 563
17 922
138 586
239 639
290 462
242 973
40 166
777 879
289 838
322 920
65 712
343 901
262 799
125 597
136 543
560 927
12 272
337 922
133 479
474 950
548 827
16 998
316 930
44 279
829 833
269 993
840 861
11 83
412 587
456 647
436 717
611 821
501 834
550 933
337 736
102 107
147 777
309 647
102 749
61 821
204 370
389 853
132 168
277 911
450 550
617 956
102 343
772 933
309 999
212 242
436 697
32 631
146 368
321 594
801 898
437 895
168 944
233 726
12 503
582 794
445 528
702 749
223 481
152 533
239 467
101 143
467 812
354 674
138 424
241 420
195 820
394 742
281 920
334 597
18 625
17 414
126 474
30 102
230 700
291 316
352 936
103 168
256 304
302 460
419 631
764 895
380 798
109 617
474 736
191 969
166 414
6 649
65 867
90 795
466 474
409 945
647 798
202 494
454 850
436 872
130 252
251 727
415 867
87 785
344 424
130 984
174 846
253 373
290 360
663 919
103 919
138 344
26 205
460 507
462 478
368 394
297 344
448 589
548 617
85 841
654 689
531 687
354 570
315 329
937 956
42 638
204 612
614 775
319 870
146 205
621 872
172 620
30 702
604 698
83 463
81 470
590 738
297 586
391 908
114 118
204 566
726 993
543 929
674 945
83 826
239 282
796 944
120 173
101 883
61 429
558 842
344 467
171 479
239 344
65 388
