4570
501963 709910
817099 693590
456043 959610
870614 501964
837948 369378
372005 843704
495800 350570
572816 906190
462884 762185
815958 365269
782209 663238
939721 854717
809676 623967
909545 446318
922834 971569
714389 424797
797831 647840
934739 953875
723802 921706
572191 678102
991084 760548
521807 603236
811119 910975
509426 974003
673160 441736
339273 455370
804975 395346
426439 731003
835665 452336
877322 758499
423905 591711
999648 921736
355903 934388
991963 779705
856094 680506
457808 963530
441055 795967
566767 952174
706942 776193
342529 380102
334282 498154
651824 839257
709852 778263
686612 545517
346951 680286
420368 470856
971997 420017
508945 444252
470757 500908
923958 443203
881415 498118
406733 438822
994085 789852
507348 701027
682398 549877
897481 716680
864384 549306
672289 574236
443921 358901
936106 490873
739188 356474
778081 827537
592843 987026
388142 763600
604287 312100
323155 602054
626570 546241
857228 620655
336093 364576
438034 834843
730805 335515
551523 595189
584821 340164
985778 728743
515418 338236
335968 370958
394710 814049
314847 803906
917428 402989
567506 638067
531441 707014
356473 858011
953255 913701
478666 405700
978277 616700
940544 825434
652216 608419
420624 353389
648584 522754
782132 980354
560990 934452
351312 772052
748502 366159
575958 782282
469149 959817
420349 700590
666831 593174
674954 736438
506875 853620
842138 842138
601504 586673
899034 426938
355241 507454
663914 408630
972390 303020
307115 952744
680362 941567
420408 452415
806421 602919
844725 705055
772068 920894
941756 589011
587725 534930
380317 440515
858157 933937
399006 459661
636962 998040
702952 692203
621846 483218
800834 594236
486239 924301
663332 866601
982220 900092
435368 788642
503012 396446
493697 391432
317340 435454
796795 721418
786736 877112
861933 644894
811050 960939
920907 564364
375332 623859
956568 697178
807078 873754
991415 409669
798055 771099
976270 780275
671192 527991
685269 874204
624437 995319
965636 641777
430773 762432
363195 333861
639544 341481
678755 566946
302420 599663
831311 377752
923522 904231
891283 846952
894337 882698
956621 808744
770149 349244
705371 441341
693587 390641
431897 318024
385960 513886
776153 633085
392670 955701
666946 732214
997182 462054
415513 415954
761717 363176
610059 801591
383759 501342
648544 978096
500392 721517
786840 970541
770761 492211
528235 580700
699204 776484
598724 901516
990370 491230
650953 383040
446931 434252
931607 444113
596306 463472
676419 358023
643000 986478
975966 726759
604172 624510
821207 804564
462380 608047
891458 349493
916610 536045
630194 732167
428881 928918
633683 419252
536500 984637
618644 683431
418889 666603
943896 831547
830075 620316
889570 589427
723146 981888
316186 443671
606399 953745
364587 768779
561792 956045
934624 934624
594755 608442
564818 326922
737324 610089
776957 972928
846589 761594
707924 530021
996835 374528
473917 828382
320955 910585
834304 726735
750084 816193
742921 893755
538944 813019
958342 424075
374811 330740
358699 785918
755534 623518
929192 492858
933607 706150
582138 780196
584096 406415
426569 697284
597295 716839
642018 734602
743776 592675
461337 493860
525220 320611
503967 764164
833630 462310
304591 324793
609402 363290
810712 364936
803160 856256
674147 853119
562406 372637
749668 962855
479052 992589
776491 776347
709428 418509
510950 453205
711184 672287
763417 936404
692898 383737
816920 526528
546047 821511
551322 971801
301154 478386
336737 920666
334642 710884
890138 713401
783522 639806
792608 378926
632395 569099
855274 458176
687608 482576
727733 515145
854863 607502
567901 664114
691239 384822
306994 353638
322685 674668
325439 440191
969406 362177
360858 304049
889413 950996
833802 789287
707154 626410
868214 455901
311861 839840
730429 699469
322416 458162
330966 993631
765665 598868
657745 573256
683690 781092
626895 822727
455760 768686
962919 425167
947215 323777
545568 836629
391125 495722
742268 914631
938484 610482
370532 950345
450322 800962
766166 589090
375476 797133
582722 957493
396001 356819
530750 896043
837911 973997
718770 410024
742683 681689
651543 689899
821818 313463
642880 329295
509185 385148
943926 447669
811983 430811
514366 514366
378657 348125
980532 667748
423601 777665
950470 497447
990018 423641
728197 302413
961553 818546
837536 487929
561229 519225
839472 367480
457396 852935
710360 486691
362120 911861
546970 626141
723844 677781
840507 802501
725906 937391
586601 965859
831409 653423
463306 821427
777065 307855
940193 738618
826401 777729
926547 503983
413306 882371
687815 570702
735306 398176
873746 913778
426389 537068
656271 850233
914849 613130
769086 757107
550521 355688
839318 381930
825463 302625
319710 602528
310480 959903
457498 953234
737632 500397
573569 850938
382768 961384
537993 934426
475912 411739
964556 602301
765159 620827
568886 796360
933957 337973
553467 600831
510013 392785
682761 335476
511762 702471
754357 638595
778726 911855
591829 516358
412253 865398
367297 611373
943134 605290
662152 419047
833381 626708
837700 598540
947536 406587
394900 997845
560912 764719
715028 887277
973856 397790
339105 485619
916613 793462
824214 695340
705318 532395
911698 933923
514145 395347
661648 457279
816989 323800
692678 650370
650509 530379
365262 714397
753318 576514
828594 314230
457585 543623
901507 431442
641413 940612
733413 674378
850427 673979
486070 672097
906374 514121
722372 536871
609468 384020
694150 542810
524173 503181
309532 874682
733560 374795
705431 603230
767661 534025
617460 925247
777648 635319
473041 535413
575931 906454
326144 542710
696785 512214
914807 914807
719511 726335
637179 956382
452156 721200
766884 694966
945373 970065
704498 936407
819977 895645
641838 423207
663307 992215
857019 704906
769864 492338
877947 421629
884622 784401
447773 427332
481186 776340
342140 900697
502675 679319
973431 771183
516871 740315
582501 578596
826733 403352
515003 646710
998997 973193
886270 778656
965409 743289
483562 851625
935628 361509
389606 820250
962262 537380
947582 559800
313720 406074
576849 632747
901746 550280
520283 418617
406948 802784
697214 933681
906136 328569
580391 905134
418115 583013
800142 499876
326303 983705
467853 961931
345214 557459
898533 423829
911191 962467
683629 924911
368542 960479
674011 970288
627111 894294
505257 734059
813430 318823
667740 719567
463745 364484
741053 581860
647497 541195
781736 673800
524900 949589
752083 686467
623400 650616
810296 534592
729436 493925
575855 797978
570756 949866
884618 897868
960512 506227
748279 773943
525051 416020
493510 688796
596856 350915
387008 360705
592110 985096
850858 933363
351037 602941
619830 674437
369910 430126
909029 799346
740403 484885
713676 427512
434751 714646
325380 511616
920873 890011
985559 562276
422383 595421
367424 719239
646336 454432
779945 354798
439528 630803
988161 606917
350096 607991
981355 420006
854469 890384
335704 594873
491621 865732
838737 742725
580378 864117
954341 617604
870480 939900
996232 992864
651673 363657
712103 712103
414361 634441
608400 469159
890322 355555
457321 497239
405652 765312
478594 642010
736134 485331
794067 447359
676952 659799
986096 419677
356530 966565
374018 790486
837045 430270
786718 829909
781943 966727
658365 896304
601169 966765
365464 491491
438673 639137
688730 544325
404449 867325
302687 956935
469008 913106
404294 845960
689258 390390
965638 862140
356955 339656
652626 894001
586279 555696
723910 484574
522424 382275
497231 823593
465393 679047
431436 604066
318184 820166
964743 538985
803843 383782
495921 972851
996889 600215
935164 686147
690606 900802
664639 863913
356810 317265
757914 759441
689313 598177
944016 911737
796804 441247
851682 962197
936646 983118
566263 954830
919637 647358
610167 839832
731141 806088
929036 728030
522656 864200
530529 329614
881354 895168
893527 938164
328785 767794
697606 718098
365971 757974
746188 979127
315573 597870
941325 952219
697341 623940
907049 733330
971299 517216
689514 702440
439657 618550
546822 662313
599102 777351
808279 480456
672519 701806
534973 817656
585952 348931
535754 768275
806905 981942
747403 822478
696165 688728
891049 393506
312668 798098
943188 400319
431666 632702
919111 687675
367605 465933
466340 666707
943284 974619
847164 732155
792778 498489
549811 495082
547420 785566
963358 470677
883860 710761
993155 580025
399489 884204
789883 528509
798654 733071
745181 346672
482126 664292
850700 850700
549731 830226
317040 916438
889862 408012
879954 622018
317142 378443
988181 512224
742215 890099
475582 912892
773960 886343
322399 470337
402184 322955
960221 747046
821609 809644
492227 984634
991770 856519
835334 541501
803097 968726
457940 692960
493090 454246
431330 626584
532690 535863
838809 974905
425963 430743
304150 316275
433439 326549
486612 535623
349505 446833
399021 987466
372830 591248
972100 364600
564120 923786
606102 483569
308865 880394
992881 618307
334640 424211
944892 683682
660075 783701
658588 902390
330796 779090
918665 464235
805639 521629
699859 855144
784815 798880
958963 857645
506481 347415
922245 886953
971202 644699
370522 396419
525093 363404
714726 559734
603967 775970
943416 380394
676023 718356
982784 706820
613798 317801
871055 419438
539431 687266
390934 324246
486147 349897
881891 808980
397313 920488
695933 484867
565188 882807
697638 790281
946211 528716
466367 666531
304687 526136
746925 680710
360844 846062
387530 674643
863863 958586
910433 403294
645852 301367
543892 948351
467617 542135
873683 564930
462624 685968
866149 727812
568776 563787
634445 631339
792503 917165
997870 797190
559653 744796
594253 736849
590858 681783
411492 571073
756721 438277
790720 518926
555997 334612
583629 723614
576748 573665
404896 739372
959633 971045
583536 644761
534832 334333
976101 443687
367850 973971
357230 627503
835119 651483
364353 364353
542329 449618
592197 813403
906340 730475
604123 541618
986472 755087
941599 826438
331835 515264
931334 887559
591250 902379
587447 936011
553563 738133
912112 697250
805983 302436
754480 433487
953907 405963
614192 496237
671934 906389
425992 694626
753216 846467
936244 856040
601554 994195
798830 749742
625812 730164
753653 917062
748895 341101
853073 302458
779234 881538
816061 701569
300326 570541
835056 954233
792857 565600
566822 464791
588342 809166
859417 457910
771985 912013
313951 373540
906208 929133
939634 532020
659298 693287
565434 408193
850740 534860
527004 629974
416398 343065
447896 533076
729958 982952
603661 522815
664905 986836
803958 953247
912354 663375
411157 684340
575388 541460
874232 597949
470594 813866
946321 946244
623505 511756
470789 474246
746616 697793
920572 979366
857210 368468
628794 587169
467773 932455
926336 832678
335643 730295
902277 947998
510022 429786
632338 785411
671247 622922
499712 958193
436788 446033
904437 876645
657789 491578
350891 520757
305724 387816
616475 862934
456284 945269
566455 740409
877725 609144
689439 913368
339439 591716
977718 549461
721503 610056
451224 509102
932978 650936
467295 486118
913322 488084
479116 687463
796014 646359
908221 801738
734175 524696
781025 306812
469966 463832
747221 464043
772976 553013
493763 928767
844729 471482
594581 682584
897890 745805
891686 947221
513094 475333
549691 549691
426416 779769
728807 813879
692136 375167
838452 493874
809342 479501
391251 932506
765819 555084
796080 929862
444412 349093
539977 373180
893822 827811
667761 692759
725702 529918
700797 789275
743012 992483
338966 985780
888604 884126
916012 580740
375645 754464
890967 301339
933965 982218
933846 816136
653654 729926
862350 798067
779019 402328
871247 789193
346491 655360
481952 772193
885278 999102
677820 744643
991585 833139
730423 880189
717265 646435
460930 792910
517252 351897
794249 567569
450467 844447
383706 804122
574373 946056
602189 469744
464736 589788
958938 511228
361500 557242
399773 946778
556344 893946
807773 547929
727085 538197
544471 560702
300984 821753
469964 518236
990002 380565
902158 440469
925013 402216
944591 615738
348272 663132
785483 629361
369272 860773
956941 430772
418015 356714
493903 790712
367012 301676
454993 794097
539873 699464
354799 657210
521217 524763
991798 627571
605329 893956
768041 646694
996172 828984
962432 460797
608469 747915
790158 677741
608688 863451
808514 843056
336517 302417
633768 403530
420445 788761
897627 660319
604578 368779
433881 942147
709894 425679
569719 315223
319636 454112
778269 432160
983096 740702
592957 707917
604969 499467
502011 330010
362918 310525
873066 399436
429294 623186
502966 666091
411947 516945
326410 832877
702076 576643
775025 411971
702323 344744
543546 721959
498856 321816
970471 970471
598304 762518
563429 422574
367487 762896
624585 513849
942167 751462
386915 457955
880756 826453
777273 663199
938401 994218
805962 887630
812647 382605
662655 924618
784928 823751
468164 623239
322607 489980
593711 737264
368850 857140
859838 552690
736388 484423
766539 794907
935885 969807
952862 932993
796260 730135
596192 851013
840706 402154
738644 769705
484760 401299
694323 386040
925051 978839
709280 364010
468820 302991
917626 654022
976483 777464
323064 829223
378239 789604
740483 314124
759411 693345
363469 672023
539833 776014
523037 496891
878168 961681
966596 479280
479332 777271
565321 520735
756110 390953
701098 341282
510296 618724
811657 486779
512541 834721
432354 590780
624325 989189
721257 500088
798887 901078
872112 455072
677092 511501
651963 671613
589534 734911
850893 885218
628534 532566
405954 384644
623519 923404
542279 950167
658480 353936
553298 871021
888657 685653
578154 629335
674842 999411
829423 590081
316841 817887
745153 693934
445740 397116
365547 735274
948379 332792
620493 576913
681711 842799
777910 421582
882555 320189
371750 541035
374125 625048
412057 379134
427053 690211
708469 918248
805974 654245
508329 822815
472132 953483
633101 734225
466951 815000
469499 531683
847793 906344
808596 645856
749143 702858
767438 631698
839399 955540
872734 329876
580589 401143
409011 823994
907706 817480
742242 713680
471725 366924
652847 652847
760210 320407
985949 494435
487358 800949
780286 719041
765094 686631
643990 527302
552126 463200
411093 300177
302600 366633
989263 332476
763574 390406
557839 587569
998112 491672
446163 828144
779749 513087
597343 539959
649846 699644
850746 953557
500594 747385
788950 382040
434016 549292
609343 802494
712493 720436
802671 831445
903421 791934
980273 666996
882340 538113
370917 996804
729785 633432
941300 625886
962872 538644
982198 612718
938288 832944
566275 555234
696681 471578
753627 830697
720870 479322
633192 433363
899758 435863
381160 919531
344150 361434
702879 342842
715899 773796
339647 562036
407229 980947
887922 370101
635943 870120
799171 574232
819417 481799
945818 516098
653377 699445
463148 374247
878767 912692
623963 894877
464907 705123
814409 509057
882909 517288
551900 715160
407437 707899
977196 631018
688846 981471
817471 441142
967943 616642
831726 903712
798441 777544
419811 451818
476990 699311
642418 472109
612003 966381
366987 776910
787856 997748
402320 787118
631388 654220
502278 855177
478471 595827
486195 983669
693650 303666
424811 661593
736661 956537
565306 535102
734082 801469
803273 327424
500780 562043
615885 929135
528424 799224
822397 432632
796972 341069
336102 544713
811641 538381
399890 990112
950560 586086
973782 644210
706104 398593
422155 442765
471483 687461
794220 905565
605282 597493
349341 922414
859536 781578
851549 851549
504312 580803
790299 753296
494127 831368
789399 738840
643010 444132
838731 633122
394692 541169
606904 855254
947273 821850
977409 506391
993333 781223
300611 315250
386505 598104
364591 308920
573992 846169
860469 894656
543324 767120
647952 737452
598489 437351
476292 941499
697835 431375
690973 792527
788896 997878
764133 852522
819728 741543
358913 813061
522766 475876
828311 725623
773980 309254
734543 464324
971775 711365
358980 515100
478485 823284
368904 893326
376988 661548
951177 774823
909276 642151
683703 698172
756381 447836
667046 576109
305731 842311
505522 644849
318187 450185
370473 908519
575791 805016
372843 547566
632733 548175
879018 811219
371460 364274
820897 448448
725823 772075
923271 635099
414226 723326
449623 870607
871163 933022
563068 876894
775333 884942
521744 793521
335127 708569
702040 727270
513585 891236
391188 962671
439411 970207
890242 627223
450833 711139
775671 876656
483214 815295
628107 713792
538621 777731
700751 526136
710753 963819
519383 602438
848761 741127
395959 300240
566048 914352
727510 779633
921940 935051
742304 477703
905258 632546
804927 472443
460038 696950
349100 643252
628597 793559
473397 983571
571290 874148
509707 398395
837968 845442
817186 803081
586569 329497
919674 852617
943849 763536
748603 982141
698587 607259
459845 720197
356158 381124
892641 516196
894426 358093
975800 523024
851652 449197
622947 622947
539295 439698
949006 754042
977666 794449
571228 897099
497370 600726
933125 466340
660927 696662
914943 643069
511601 638554
919266 931799
811064 300390
940792 443612
894816 415237
535765 534192
966889 801314
857139 622536
941012 922498
376579 335030
716947 764159
348482 914317
364885 981607
380657 842165
794621 411952
601586 306223
866859 520852
354374 677923
521242 411518
937888 532410
526755 473653
882955 493644
391319 856446
932533 332332
778944 309112
367362 495891
773271 415844
526561 954509
513804 607218
913026 308425
835523 514612
314648 702382
735464 485374
496657 373058
596892 434545
721820 823647
724550 604775
433644 815870
461222 366177
848202 356518
491641 331916
668762 381264
564113 895323
452125 777917
502541 365151
786342 454416
579763 917343
856798 431579
402717 353456
504637 815962
604353 926458
639609 328904
647585 889605
961126 925159
372134 809328
981678 563775
957596 650440
645040 521709
662115 797165
999626 981008
978669 902321
435425 558432
819664 992223
690012 922381
462031 311001
854695 882737
353811 610657
327993 701397
500262 989119
626556 572397
914799 608234
952524 872395
375026 713916
394105 737141
627434 510083
718150 606103
412404 853575
980887 348420
962150 787251
387154 540534
798253 941849
423271 852064
552506 451264
553461 869121
556735 996370
441518 471534
720956 510394
343929 795983
924311 554386
649476 551745
880822 483978
857848 857848
409578 337553
955087 457999
416056 742339
545153 656590
656944 487002
896213 625360
855861 463829
878822 724982
720564 991544
982852 892098
712500 493246
352379 624835
417557 723118
974312 785654
603940 458290
759854 713518
612196 714942
987869 844604
573633 533022
617546 930577
836377 513759
555937 692238
677588 551111
417220 514504
542655 400072
522954 371508
709670 575333
696343 827228
998451 787007
729234 718743
361650 489089
548614 673846
320383 536483
634802 594016
885858 952348
640945 722235
466107 896882
414473 960047
564346 648045
474551 807001
864469 697505
994861 574139
389190 807557
401367 503994
594564 946954
339089 656214
552395 587703
446412 572778
940539 781214
983146 826397
733562 624091
664984 316021
520973 895809
976068 785319
543854 566971
708673 408323
380828 819886
682462 586371
627443 900182
790365 922008
963488 829454
694574 515883
533510 957339
788661 590401
738553 771807
416798 588468
395898 898134
604489 733223
793943 696910
634895 454149
380233 459920
678824 461062
979806 477638
863785 607250
494172 770502
645610 457660
599956 340184
789895 949818
997523 578556
540219 852429
466715 773369
440897 678965
671503 861738
528541 581798
558648 863436
852299 638882
439708 531123
916296 419514
825114 780081
726764 319286
550583 372374
593299 966891
528911 383194
333062 526434
778103 689633
378863 361170
463003 636112
740136 950858
497851 385029
649009 649009
756499 948465
501308 511733
388173 848784
544381 624039
790250 324462
467156 925888
691397 655882
635539 774641
884793 835086
924055 527580
613189 613688
606443 790711
893043 358908
647199 960254
556759 732228
725615 313258
797045 343275
641344 301570
308411 885725
625610 798661
326540 792766
724550 834289
565000 360089
725282 449794
895175 649337
677374 624716
379378 400169
415428 388773
459077 878979
349027 715836
611208 774642
845447 408253
817918 486791
409824 942681
488868 851786
741343 515408
760904 582245
349698 325904
758686 774980
592050 770214
540670 969424
394930 620048
485946 626710
825173 645023
505690 874201
477212 933250
765195 322659
341503 699465
625802 567679
642147 814670
535817 499842
446431 996721
782087 496129
438978 540773
387461 731028
310987 628131
816805 522270
364531 302751
848980 306057
647774 471022
996610 941338
404272 761805
380349 562128
577623 706151
946159 336122
637174 481977
535964 783605
595050 318051
396086 734028
675176 599899
581409 686164
344383 398214
908434 525266
400965 873766
531323 865091
461141 527933
806430 681765
406091 303131
943893 683714
709283 306405
836188 462809
604734 372152
362766 899784
506555 575204
750165 881731
875103 331574
684247 919486
546140 592681
444753 647105
582800 676076
628548 743941
904010 551330
425706 310101
554462 485952
810167 380097
608709 646355
659258 913443
834859 722024
813227 341414
997228 997228
679744 339497
872331 711318
723745 908170
373810 432778
352923 720915
831930 845351
465816 692223
749361 717146
817930 875814
387960 420234
802333 468057
728943 565040
827315 642386
399899 665691
571965 441313
662919 951710
597163 651603
779380 320908
559773 853191
570038 729048
690458 401969
574399 856274
794192 440113
689773 728474
315927 777733
965060 934613
362143 810355
499653 305810
452741 599553
671502 841059
857218 450773
792769 570733
918728 688501
591641 594853
541692 978032
323901 348503
496353 598301
904777 990545
854766 710902
835372 987045
488636 800432
921658 667131
610788 421312
672941 879881
837217 460795
720940 810787
611569 630061
381521 646649
318563 789514
941503 676607
767546 381756
725110 963899
796409 629888
370797 651175
457142 322521
638221 762130
822953 559879
429261 550093
797543 802203
546327 751112
379350 967267
561900 690919
713681 643421
453921 732244
432935 395424
525203 316834
477180 950314
397085 973590
696554 467882
624765 853696
490403 379338
615827 429709
755570 861440
796154 553113
779995 342481
304226 859346
426101 682478
666617 839782
442251 820538
688378 575186
915962 329933
708372 509495
980247 805458
599437 793153
389692 340554
646850 696448
419893 379029
942509 875463
940469 738663
544928 720465
897497 665506
696163 323598
347984 362780
979732 490235
883319 784462
881774 915633
814395 590146
541480 910995
511956 840917
704148 704148
718001 997824
467350 414449
417717 546379
473310 409532
603201 328325
654460 440018
925822 319967
836181 365772
484303 898961
461856 674539
898632 362670
672665 930618
993418 379163
472098 904413
591120 429368
724913 425473
427192 892264
539922 661261
554995 713232
770793 858196
741557 541605
414566 783732
677924 950747
849504 862228
966061 427713
653119 981045
490383 325784
328015 483801
521299 616466
504566 928771
745834 929480
354244 989378
821744 710518
766991 493091
423750 537784
467640 981660
895741 582206
881744 573666
649306 847600
435894 731719
975313 905365
712764 465697
347501 740780
765850 568800
357246 970417
497572 919432
899897 551816
325162 837993
962335 792153
331084 502437
446289 615076
600449 342030
897283 482193
732048 546589
446146 867942
978308 421459
889659 807424
703508 937160
664556 469359
505961 838154
556128 819885
757586 456025
488053 899100
410370 566740
691253 557806
885530 953894
872883 485979
412277 886518
784525 844325
433107 347023
828620 527767
468482 718279
451543 871991
655440 816100
457702 977753
654254 713830
797638 528193
986207 402043
427293 512929
668784 934899
770735 554314
888793 643618
856645 417422
530136 757522
961748 779595
804545 790368
423714 973028
508647 575258
961371 980439
507710 535425
958192 978316
365607 872182
506509 351814
974226 750155
564743 643010
685054 451830
897324 690199
911801 870321
807622 558289
627844 627844
769370 337885
432389 676090
577951 521769
884737 969561
483140 865177
593623 718565
939721 571940
900524 811904
778449 952338
786130 528604
633433 545492
330010 901616
442816 720210
813417 429489
527832 371706
757333 413554
525943 889723
789644 920247
411492 790733
889808 710985
655910 483432
545902 711984
871724 446427
523888 650173
515117 426370
995130 848551
671862 325140
750167 931030
861702 679936
360519 505886
751642 817853
619440 393938
823928 409084
314185 935420
899818 903993
762757 672080
503777 308660
384064 375501
455087 724304
842027 786556
850674 953509
635107 638888
395001 501626
569918 956704
997914 630438
578942 749557
564643 898383
959847 388571
423819 974032
440343 439989
994377 903101
812070 614507
328113 312486
806360 599552
853143 648387
386108 820169
718248 837568
459058 813250
455546 728976
886306 453461
475766 465248
319370 740409
479983 979217
945332 603803
953249 385676
743792 363978
405129 672214
678485 549594
801053 484846
849146 770548
949585 351606
590717 784186
889174 749775
713788 344721
478752 600094
614534 770870
881694 633904
511280 478030
729473 456612
781833 799074
658640 641977
863052 880121
430544 541538
546067 347949
842736 511565
818497 908673
563172 409214
692859 452346
975342 406647
613419 570446
823093 927953
341316 821140
678209 668948
999170 407682
825561 897355
906756 600553
655684 886161
597027 786228
544051 843094
950529 950529
386787 354660
885378 995460
734184 410945
804672 302882
386287 911319
616302 656733
850765 660607
814401 671905
455169 483350
671075 562851
425263 568430
585960 842168
924114 472121
439195 826695
716172 398642
893576 919311
569654 778955
331123 303838
306252 835795
306720 392539
863467 739374
865624 714232
516334 796377
502489 671503
979727 873564
350706 521342
558346 753018
363511 598812
925139 619058
541859 757663
717700 551788
793326 403706
330743 824450
523896 336995
776597 530617
545886 640064
386343 527862
470648 719029
324239 789489
390532 420319
663053 557591
641661 337751
310609 705172
752916 352101
324231 994775
926116 858283
546563 719443
378342 693658
543893 602238
847005 436842
949207 509243
893259 335551
737105 480259
870932 877697
969749 961465
998016 632802
635408 639677
786906 646017
461202 539822
814470 601785
534597 740587
576420 897513
576382 654762
591171 936627
957001 554529
373469 322560
763772 966728
474463 500878
446988 345396
378575 533089
423213 492943
865891 758621
948972 769149
520990 410174
308971 451813
828311 659921
308752 404732
557434 585134
875846 964957
521761 949199
519486 711582
971760 983259
794663 562575
600489 358003
607971 795416
591092 731184
988359 573335
606157 937331
342485 943500
463858 467808
395313 408521
827729 404065
629605 501515
689199 505452
466473 327312
571003 802311
855246 659115
901922 766261
921691 502411
824264 824264
529662 997827
531708 377199
986186 805044
799708 339870
963881 743208
620080 431689
838521 728601
959419 358938
358207 577286
748137 563659
860111 891801
834662 662423
863400 610130
564345 629661
531821 883109
453926 877835
880936 685634
371386 983475
607030 871095
439697 570911
614303 759777
818953 569177
488378 778372
628115 546585
472010 492605
926596 332122
500758 877611
810897 364158
487741 491594
810172 719562
374703 380450
713749 371992
882436 785136
471819 489467
772583 611516
876730 503238
487645 695683
772415 676023
590407 516883
338961 762418
709488 965557
794540 326598
843168 605437
507109 447261
797031 317281
866823 988087
397731 580573
360079 980167
482061 531898
585986 954644
959766 462717
457882 447411
858400 346650
939786 565160
563533 978747
327578 389373
360657 938470
415971 903825
660259 739432
351087 573642
756713 334262
561729 970796
731187 738160
367316 329600
386410 653302
984244 462528
932371 558479
609939 907124
605129 666078
472284 868662
761177 616214
374387 821834
554684 606710
842012 914943
346143 309451
604937 919208
343713 866667
890005 891253
721179 957321
920853 807590
726975 321450
970118 775699
579929 696410
682823 301410
478840 971459
870072 940017
587673 360811
761852 958709
667521 603864
990004 713664
613315 594941
632873 773380
577960 522878
780985 999140
596551 818191
923082 439878
839641 309552
915577 535922
705962 714752
537332 537332
884802 802563
523756 941172
390236 584567
703024 465297
368440 423240
455301 782105
852907 750243
414978 742639
444555 754208
523625 560047
467111 458168
483129 723341
414161 609034
755271 650083
431348 470023
303767 432503
388939 643875
373675 595527
344794 893051
760825 413234
316291 916126
895339 869198
782721 426669
728189 343629
997229 368166
603676 464340
526334 903158
887682 640495
512192 642953
406930 759892
929328 527049
892395 434619
870924 966070
730147 332070
859121 490972
445305 991764
523450 456996
977314 306172
700018 705504
349801 697247
773670 769829
861588 300005
672987 865622
756852 301531
624927 863783
761424 670607
507184 653819
805227 378109
736242 535374
526531 711715
842698 788188
703480 366148
945185 680794
372320 645203
502650 538473
458802 976321
308303 320390
392678 681290
302364 965882
682822 743643
946017 560598
414251 453202
914417 335830
647663 767011
571204 874194
478727 530254
662383 998559
596402 723920
795705 668723
485475 998356
323548 644277
391029 331851
781020 600059
829494 783384
565941 628668
527028 511959
889266 757631
665161 920035
793461 312824
687047 481017
303370 982126
711271 665753
980685 307673
506025 776390
792748 691500
891098 816297
335778 398479
964500 816798
814890 793994
716534 380832
539014 359914
709143 428280
933897 490656
464668 727358
619832 851715
324727 623202
833841 735998
405308 930878
860024 611333
823620 823620
769124 419186
831071 701773
454964 929550
666274 388114
744441 576620
921000 941625
815635 397267
650768 360267
331164 957776
524935 874875
577608 493002
899602 900810
443195 751953
422470 374073
611977 733804
314046 381101
969342 845117
899227 540658
774667 565501
628772 635460
958473 666124
693437 890460
763391 460557
367080 910908
418333 592015
785783 695941
901370 685385
713104 344565
437338 835574
418639 865667
685730 432685
363121 655072
394154 962348
895730 985173
527849 640854
620634 602674
423331 430423
493135 886722
590981 560215
913982 709314
968582 699765
521608 869952
385151 934712
330870 638841
886638 565861
504509 572369
814898 683982
343793 909052
646330 939524
894225 990531
696730 631211
593205 820061
761635 902692
823136 468968
579259 737118
994634 664194
436884 516242
650498 638387
567306 681368
977228 453945
947229 598089
842666 762127
982071 886459
671179 628401
942335 565405
735284 639066
312968 328490
459127 890955
347534 982263
359923 626794
719382 354558
990988 972618
687152 641486
611005 954459
322855 704585
408404 386436
302675 367422
848564 401098
953881 519743
845852 896217
901500 581136
535283 330821
725978 810762
921776 773513
793026 981700
400307 628760
452610 507647
601378 839762
849133 912383
910573 988340
616968 435329
374777 735995
502751 339693
953446 456633
559436 799298
469202 577289
380434 704485
724462 922765
631599 646238
696278 696278
424625 744290
796585 869737
313252 304232
471115 853015
969717 499850
879940 374410
933171 315270
449187 785518
518021 488880
738964 674654
864668 538262
960208 558309
735049 664693
982771 657814
996293 745362
470444 537270
606004 967029
523360 619257
387613 810827
588624 473682
310678 468564
548092 360201
483834 813631
845719 701856
418863 584684
492862 399884
939298 453071
774545 790699
934116 873669
448513 346761
735383 735309
700384 341387
702338 923744
776996 906303
734571 365620
496338 861601
650537 860782
338154 834371
674414 883874
652579 909629
584910 961794
425865 524208
531217 900411
314908 581685
774080 579773
628447 625815
315083 445183
667202 833773
485279 444199
856429 919850
626171 352767
897804 976708
913549 935958
811080 704315
936184 580011
730297 521094
541805 856162
745303 889374
872925 876563
471060 763357
456336 915859
389172 587771
361042 756375
537897 546321
316926 394326
582523 643097
563445 596679
619806 476994
648990 547238
997662 585174
827249 727959
806269 485407
700473 667924
374781 573399
544487 545841
336756 817175
578052 425929
404947 639094
998656 759196
301767 315582
853522 700643
658679 416967
997322 394837
710313 646312
642075 824327
931487 469325
668638 854108
654732 369112
522032 845865
758863 766519
508059 795619
583694 786111
337900 804993
541558 336556
564189 543325
468490 534063
943968 943522
767382 357643
338359 477696
820307 820307
796787 302023
868146 382464
787014 722254
737196 856126
944286 699413
614989 827157
907472 526960
527204 693584
564861 332197
935142 717769
712739 594819
302612 363154
655140 946134
830537 829135
400845 424585
649442 313984
542960 517589
396448 329974
939843 949996
886100 300482
649410 617441
827639 556882
844402 354843
366818 409263
503393 418312
943384 332484
829484 945996
395638 484624
308482 342527
313759 525680
467112 779553
539664 710073
997142 752465
740047 353338
702461 742500
353820 351871
359941 881459
725106 904343
936303 791924
429958 556048
326589 489695
588532 856073
552043 684170
340697 560526
726698 470808
902558 310162
950361 558574
720235 363856
311039 576635
417194 713501
319135 471014
765372 379076
468825 490478
399772 521480
398755 646082
777528 425344
835777 366060
981417 504173
866583 438466
764699 709633
725626 783609
719795 792339
342183 440031
972547 469575
833018 389741
883076 852153
677107 764800
347581 845933
371631 447353
367413 470386
909788 961294
712082 861917
327354 809851
366090 310289
948317 947141
719922 790295
730750 439718
698986 889286
696101 671534
358861 529119
761275 941937
381272 554735
823089 545205
517020 894720
808911 700785
365106 718699
662079 893540
580616 689434
703391 763059
816075 768060
710200 535998
558355 557303
675716 373694
446589 488169
745228 505450
717288 622855
563739 914912
877590 386828
460117 394610
397901 397901
969028 911748
579359 804079
573827 472900
501048 379613
876291 964107
895689 760704
674307 431687
435411 931610
923755 509105
494551 411924
954333 816353
945564 577189
380092 976828
571131 583273
553297 782094
797526 638678
693842 376885
559109 384021
549785 760157
463635 542429
724264 359324
303133 398572
607363 438544
446534 531118
764002 641086
759394 718335
457439 821310
411876 653884
914490 799360
353509 467787
697806 851035
922817 391648
927920 481927
475669 477706
942084 755656
836487 666349
814980 955972
881273 538695
394516 444159
769813 974870
785245 645559
809558 359037
466869 921434
712921 497711
837146 766430
665499 534952
733817 704668
742952 661737
886595 334974
955795 945032
790630 792282
611381 721963
748254 609006
960658 959123
753165 846824
933993 654763
492383 743551
830152 775605
781338 543073
973316 734836
425855 755167
386141 859672
576188 829093
637761 462783
980419 593557
407815 771050
502191 835548
609365 366798
560906 570023
325921 430424
533199 376266
901539 725583
936170 731691
617540 833860
391116 707208
568696 516971
578728 654837
492995 854916
600283 947108
434051 580702
540665 541867
468104 859209
493767 777469
926007 754674
463845 368280
301450 697044
560898 902989
538979 497068
634680 972871
330928 725796
680080 715977
359119 375160
487166 668466
346428 787449
615574 480479
484504 972592
838698 652608
948153 332466
546430 990512
903492 903492
710275 358792
321294 407319
619690 924283
762651 933111
675315 735522
380391 517463
531954 912720
692934 607114
399887 361400
769894 303688
793326 950374
488192 882270
789072 840801
946775 937890
387231 937287
957734 913858
412431 979028
321177 848474
319663 900180
781585 694978
635703 978328
328793 984009
891049 721727
591124 990936
783127 477370
410976 692806
427744 599169
691428 333169
556322 638204
971059 643553
691843 345146
673763 804275
440526 811292
652749 460190
711473 550686
971520 463528
529014 300314
447537 536415
722041 855013
643703 621521
332384 754680
430679 460128
353849 822107
493297 610171
576663 580709
370076 968507
742207 743839
889134 882733
555131 541883
459275 382956
792569 430796
546484 437935
431110 694022
674351 969503
549035 318054
591024 581419
772734 721703
741548 942935
660163 351197
553106 936826
748258 739534
321685 490465
483373 910819
489551 854857
569054 648826
937813 477975
779622 484298
615911 327084
878320 406614
996588 543707
541020 587612
825127 313755
425668 683027
373042 785831
734224 626149
839009 598835
365683 977047
905652 665409
304218 395203
636618 573273
744030 574431
751248 640004
875081 483511
667089 869753
706477 663677
413461 947498
367641 354940
377605 493309
737967 450647
979140 588543
776796 934502
303730 958832
911549 909383
740593 915767
304586 377211
489040 864968
767994 356641
504973 759428
656504 872062
629181 629181
362982 652091
858994 310480
719732 330286
388085 913042
768253 538732
308534 473149
431881 943036
476879 507065
970937 386262
364010 886705
507201 441221
492097 372169
325567 665090
693494 784995
321595 681908
530529 384577
333999 389523
511409 870084
419810 715846
899478 304415
954578 908012
477564 502811
967401 770796
826228 938338
857058 890238
825043 480611
331459 433493
669133 473379
798583 362627
958374 936530
860888 488903
437459 311239
694779 648868
881323 814589
364714 780801
935356 435645
805166 529273
754808 772567
300069 581037
710905 973479
471275 652301
454091 619087
785794 823224
908818 700729
302203 867192
637260 979443
356096 891071
990683 750875
539940 872006
681816 721006
769160 733524
856651 574326
962797 727812
463245 962866
425201 874150
936346 712828
642803 390437
331915 544949
330013 357085
945679 448568
924278 699291
428012 396726
590362 418695
963953 946654
407053 762121
667661 992565
495645 640664
566891 458443
484828 730136
421309 610029
720639 474007
322858 363442
564444 471125
724744 710809
528211 670423
975730 452489
486066 403742
549215 892780
638789 629520
839435 745842
391641 623448
738408 587286
964112 421651
745729 448941
968140 983391
758970 805131
457398 781828
984925 838195
369306 709669
549004 597517
380092 641086
750006 682510
744828 415573
575291 383617
745093 531078
945812 836734
854526 800572
540372 934990
338575 986102
383931 383931
423067 385845
959254 928198
543243 857434
913124 381438
926740 622793
746795 524257
819238 504233
390615 501748
949062 622540
893391 449031
367633 424469
511195 320719
978995 428119
561092 913986
466695 663546
414269 589762
749391 373523
517961 408986
347310 431085
606777 390402
870230 469924
614660 689468
674157 821627
891217 739571
444168 784608
888603 628153
909078 516150
648873 304425
644270 326317
918411 927317
689863 332681
517079 555606
522556 851392
664592 686218
398829 387721
776621 969060
557645 507633
658528 931803
329260 666097
787726 473428
567058 676329
801582 592488
308832 566807
596913 653102
593124 631677
580419 399339
664358 913850
771297 303266
765243 552241
689485 864072
639963 466106
949484 313960
673739 724365
362115 819351
390462 849842
409132 657520
526171 327066
366360 535003
593873 663274
304457 303349
994951 584876
519040 775661
615079 990337
778927 380322
542578 584764
360746 998893
867222 310231
312854 657313
850948 374969
476665 941410
924811 585797
715283 567335
612863 781643
918690 323088
561269 923148
442789 556220
624376 661829
448233 939455
768518 343513
436129 427448
744629 613228
426342 611852
623459 439196
969165 474407
630517 562182
532169 555329
964331 363804
939016 693546
961800 857706
832986 523069
897206 975775
895642 637935
637604 343875
577390 522474
503740 829872
649923 948370
443100 776265
560222 882911
331813 645739
473670 473670
662330 324274
705839 334011
988605 885996
389379 798504
847796 947086
631490 370865
960644 607266
382859 598579
361222 543087
992322 583697
746827 822194
933620 695197
381646 826237
371771 964557
974402 833863
438227 753084
858137 960418
787096 963094
846414 992827
877950 810562
939913 509441
997780 900558
816707 380639
615489 994281
623726 607811
577978 486906
430005 627950
998455 511651
454187 486579
592560 428589
320442 730787
881674 994931
807558 785122
374377 770324
894301 952328
580887 834215
461769 578667
851125 394828
775658 582966
389109 515737
890778 783440
818995 437135
411390 817450
765139 681930
304029 357699
926871 440823
904839 924897
435754 712397
826371 510132
482721 720673
462460 879960
671240 740581
574979 638717
835409 466990
921683 340870
799079 812461
824310 618074
949597 935701
435524 714736
733983 555906
772435 660854
696729 793626
585752 948836
506023 528475
458968 805097
949148 737780
801409 620388
594713 376389
959105 430122
543379 880789
587344 342458
809602 411655
776884 759199
463708 912408
590287 897691
584666 479075
558545 981396
972701 960649
930232 478725
489125 505552
400174 438273
359684 901583
875014 654397
977972 950471
900871 637703
831260 488215
796513 757215
716222 573397
516414 879930
602158 923054
777621 303176
402129 452519
400924 491182
529520 331156
786259 718645
653060 886433
973271 712744
788017 848285
483493 882341
798756 798756
500716 636397
746369 805284
549262 503584
521506 939012
836350 401437
541170 875756
995410 544346
394237 447929
761623 585420
677450 792779
371679 512447
562192 958113
485718 391288
862482 450355
691134 861175
365464 891850
613924 928185
697134 863187
548121 918641
802199 500823
436430 459721
376580 431840
820419 470817
696122 582042
756237 373572
491174 944269
702371 753366
902382 888090
961006 881216
454797 652140
742391 520261
543991 472668
564798 357477
335855 812919
976118 838054
313743 528900
997775 506675
660741 934546
677492 356863
516589 550082
546787 707763
494351 949158
577481 513085
953600 538487
510653 524750
890628 369396
861363 550971
542064 426162
608448 577919
939081 700919
532325 369176
929819 646452
692203 706912
580999 369696
880127 797588
736130 543266
621703 346833
492425 899184
676270 562377
554023 886923
787127 561003
372671 648491
811974 614736
891005 536775
309007 946438
354046 541333
431967 400217
304137 824170
923482 585136
893866 803609
499076 746348
346876 820779
909533 655653
836315 585803
334382 390339
589078 821510
651342 661750
586353 579669
976486 593710
932796 401845
540148 986842
643178 672115
387059 647316
496286 310541
348804 506504
930503 547881
369205 977379
485012 978738
749384 321328
564542 783766
528019 853620
721628 995713
515370 424333
575382 608208
718043 508178
710054 374544
611372 469584
746659 698432
933252 359297
825325 825325
982057 682154
872180 646290
751359 965911
831302 730097
715295 968982
410991 615414
613353 964612
337042 609067
596334 461376
884449 320895
995771 508980
847301 370315
820352 316885
933327 635136
366490 992624
576814 348547
674778 448994
811189 542489
414906 642491
972587 946553
727826 383578
561967 341179
464542 599010
650246 877229
876738 651048
898124 988861
976380 745425
475529 796732
878662 408856
548221 945152
517832 941387
410051 308963
390381 921240
551452 621639
680084 640391
684545 407910
840322 946512
449089 304864
661874 915688
882093 654964
683088 896569
643826 659468
758346 819355
572552 637009
344563 937125
698513 562395
878512 808565
571358 385246
846157 939163
706885 526241
579554 507782
750503 419876
454295 315945
541093 932521
931633 539538
587486 731073
552460 347664
506893 310806
983371 779445
764167 327934
716571 579033
706681 711435
503950 978040
796681 350107
333555 619919
692701 729461
827701 443204
965690 398348
459149 506783
330870 507134
862673 618356
938207 415133
782372 445100
542292 765743
340898 306459
793677 873821
585492 500358
585256 789442
594750 381938
955902 744657
818209 648603
474119 645910
791807 439809
744259 367309
762944 891481
574443 625617
626189 629003
857103 408561
890455 399395
874304 347705
522206 784333
921526 924051
401043 623135
829845 812146
821425 785747
556803 639634
550702 847274
985544 458862
987083 846155
526171 526171
750027 853988
916966 491997
480177 662321
349100 588738
669129 564847
579394 716834
787053 480079
754713 711104
697475 377848
540950 509621
899273 443049
882776 538907
810104 730051
640803 968966
833486 603311
611489 699866
457299 528455
308215 637477
307129 357315
342567 676258
622162 738314
509444 525567
918393 964157
353024 615868
342005 710326
941841 357630
853375 940970
596537 663479
787373 353693
748797 737211
773356 360286
437077 930655
705094 445292
684484 712223
618959 727052
504833 357473
581718 714277
583041 500111
794787 752417
932332 953144
462743 990525
310775 316118
931495 607312
795950 835220
777357 661099
572432 550713
721386 825861
481369 426480
971154 982205
955055 706465
825609 576240
880291 407327
406869 463332
607439 901656
332101 656123
854801 494844
646648 865576
627314 694496
589240 423264
529716 482950
784364 802148
733663 622102
628010 331384
864934 715516
313590 819989
538333 955551
512581 418624
362879 735802
698308 786670
637459 730409
442793 608612
925253 905793
590540 552568
716641 996132
792184 362710
479082 692900
864858 329098
315002 609220
360482 879936
441088 490424
816277 795774
445976 445210
914398 625207
881013 612707
411877 634824
459468 671022
943436 384722
693167 650328
753642 409809
762812 545826
472519 941895
938727 453729
387345 370081
879302 447827
366370 436742
754604 998999
932516 316932
444210 846915
642139 325223
575974 575974
754016 776399
735442 541390
836187 936516
934557 486515
690158 344366
949327 352337
633237 307574
991064 786967
511271 477497
782621 659099
543867 919363
530055 659219
851880 546987
803429 698795
305478 945004
974769 759494
721403 826563
417236 557590
763080 351793
860457 453238
512512 926136
505575 845749
350063 612991
749068 561334
906841 531689
336785 567060
451053 566840
926279 302933
930179 846060
818080 935657
907416 909201
811503 628819
735764 928739
302761 615196
396885 979570
884787 609397
905707 506714
571498 372122
819706 320567
633456 842899
668608 670242
409959 819661
353434 452591
938946 399966
998651 873378
335623 906068
782579 963479
651239 634696
892218 770353
949892 405455
749923 834679
714852 771982
341394 986351
844104 977452
423270 477561
936703 791878
964155 463014
727892 317589
615605 783190
417555 730609
772921 569531
753029 555500
533010 404268
306548 541580
874621 372793
647036 740897
323824 478240
512879 481570
580943 356984
575374 820565
534545 512077
728796 498700
675092 573040
632641 990697
356230 866549
837658 945503
436080 590687
617356 785442
694956 623904
327022 685929
696697 790410
426826 836874
968651 639706
318444 665946
813042 593819
486512 347587
805896 915308
662639 480988
488348 411632
588038 660930
978181 425696
606434 530613
832736 923790
316055 527692
547694 343078
329973 360744
949840 573152
897618 918491
329210 916062
700790 700790
842252 626233
887302 306191
432130 802610
668830 729470
990958 896814
433860 768240
874996 675909
374674 405609
508645 998464
538017 852689
662511 697447
999014 723255
647287 572166
737225 682131
601376 769639
382921 443628
395873 970223
449819 644355
889185 935001
490177 996495
831816 624038
764735 823164
416299 839410
345125 741296
837874 583142
593985 616737
980589 592999
339992 627877
981518 893569
310008 582894
663209 509281
726523 875434
479504 992694
519789 368689
927696 826318
481536 759512
450356 946271
699028 683007
902033 744153
424303 739908
327296 834640
472997 424237
543992 512990
868466 525510
406559 878474
808404 886120
387755 651279
761554 683611
643974 397695
868652 571670
924014 350188
447534 490722
412812 846562
873730 314845
707067 414385
871105 850715
949026 344103
974953 609370
673445 843419
834880 780004
838246 759636
782477 342353
410916 544031
842317 754890
758079 710969
442912 682093
877510 706798
872815 990322
669712 862897
305167 376779
977283 992625
343847 342661
336728 318800
652031 710173
978571 603263
606529 933169
362899 389006
975523 473815
749390 817840
345057 507469
645161 604321
889562 522671
311119 878729
629345 797183
741627 634513
990315 835262
627138 334162
994275 780218
469314 762658
490391 447885
365921 796920
381055 545172
302279 472930
718988 751669
990770 880397
959138 635931
484719 965052
974955 612190
843781 604300
409374 409374
701760 355165
399689 537022
682303 550203
647649 578873
719517 526659
769264 983754
592580 682537
364809 954105
684816 654091
673093 436485
644861 669842
511975 397145
970913 477027
372100 583104
320808 792752
808830 838921
847918 324871
492295 646573
691426 839945
925447 410943
366604 811063
394697 775537
493600 575859
729642 994768
929950 519087
547605 691164
305281 759580
788309 976195
352959 976761
675651 490120
769513 600833
329041 733783
742056 521336
380357 433482
361281 305804
544425 544238
816867 755474
436127 426820
331333 865769
421588 377636
501208 669194
768800 506489
545126 673461
599036 598086
766574 974687
788206 652439
691872 933599
386223 433928
454935 466580
567410 632569
588736 811835
876807 521955
567310 312934
648775 714995
995055 886716
792631 612615
672262 677783
935456 333740
351244 534493
748178 934170
625532 536384
586610 317405
469983 672833
451333 741271
955765 718744
373840 660853
646931 950647
882808 330593
379933 647936
745589 491340
651004 654572
803955 323266
332356 739411
473358 499952
973904 921537
434123 715789
574273 720733
733194 860609
509918 300879
601880 582035
835975 675720
942888 482907
742719 825696
513500 822652
589984 375441
430344 940988
846366 934299
380606 878722
673710 553965
495026 763967
591854 629149
596108 866127
466234 329302
726736 676152
446533 328616
958187 982509
820688 317427
465416 563407
843124 795268
502411 502411
549460 987062
632755 490449
833428 567054
687407 712150
357117 357724
323528 937436
649578 652678
533544 515706
935264 679198
358794 611417
942083 387411
685956 924592
908099 703384
506360 587859
662860 301629
790270 912320
405043 423026
519121 938471
806432 322881
766973 863549
380605 790501
917337 846536
443179 567233
478594 494796
362783 537388
806213 304867
624799 608521
929459 649251
428257 435820
937110 791117
553801 843732
819790 658844
966758 455263
713667 773191
478144 480640
753092 675102
971141 786782
637990 530673
354015 816584
725469 416799
353972 648034
421666 795124
372907 467477
444375 501165
719649 497837
408634 389802
341569 344776
864998 424680
500040 578665
897871 794536
759305 767315
585990 846799
554097 923980
377472 608113
740564 919293
841264 794537
567327 379282
589661 640234
663111 850388
957751 382761
348225 366386
588915 506146
411162 453914
630826 727554
848931 645049
522091 724589
412365 808081
571388 782814
732062 765212
507279 588978
684505 348543
499867 368184
544177 789528
824770 907289
756268 782522
406402 804493
848908 811669
426992 376422
965583 757818
803977 930867
402868 442420
655456 515233
950501 926844
998047 798915
808408 505327
504246 492913
670222 704113
561097 330752
609994 385867
938041 366262
984741 460795
987108 833649
972464 414100
326424 354400
871918 830401
985267 974786
972821 640723
606371 339674
683919 720771
954942 954942
492327 342450
459188 801592
829024 863301
479041 859776
473295 681260
797817 539558
666002 958612
526666 616003
347429 757118
642427 401829
629036 589180
387096 720175
562001 844171
326546 718028
644442 863669
672970 953121
906119 948510
871065 735144
811811 350106
711272 401459
847718 509090
757369 513720
584054 400387
946076 631483
857505 588503
849664 486541
994036 936760
323068 556037
897283 349615
390417 658077
329636 879739
611198 935756
828249 482263
787252 640061
648721 498524
857872 496440
823966 615241
826512 524373
715628 772588
972208 689485
477444 821873
876026 471480
874985 899095
843869 772269
365062 934287
546698 511050
814026 857897
563158 758628
456512 350410
398689 921586
665287 372913
534378 605605
688154 360890
829978 520134
949831 802187
909619 543627
624060 901997
715107 615397
917444 675328
387666 398858
725967 750717
609909 656346
608614 873067
414974 881478
339830 630015
919416 821469
702928 453794
427074 507434
631037 373405
727568 580868
875592 753539
824495 616004
655536 655954
931401 572981
331282 435420
671839 757250
886137 398100
529948 611103
971168 644922
608933 310998
974937 528350
832467 794217
682144 375893
301651 313181
449298 845571
710401 441242
599110 534896
757246 954646
307202 805000
643979 338485
356772 432171
912087 942909
530271 442035
670364 501439
903309 979297
628789 878246
623999 577608
672463 306144
653502 790466
435677 435677
919152 636037
962431 360395
935147 613679
933993 306145
620882 738993
650125 775719
795765 782296
687806 855026
428919 946193
525390 630359
849502 621040
375500 844100
945039 653109
632915 367535
422963 423381
619565 342115
759418 581996
402510 810917
312027 336504
817062 632909
891849 467187
408628 803967
365835 912786
658993 494755
975331 300736
941466 941185
738128 433318
785285 799519
786427 534552
983407 325742
657933 602972
367858 533703
301320 470368
344620 313347
623224 861683
762609 515074
445222 987589
319041 511058
316728 794386
822165 408411
911474 879983
349597 765954
313301 951234
565474 916081
485787 548881
358175 843720
968205 426033
493776 969525
712754 538396
399224 335978
400079 861833
667404 545302
965775 802797
872712 982503
713536 811229
390914 625010
691212 556863
390965 820865
508098 772791
853298 810237
321672 911474
770309 406229
337507 964085
375754 750261
502482 591330
902592 602561
569516 569996
847863 535291
489146 836927
634146 902682
648156 841412
527692 339368
398276 735009
976586 606374
507800 829884
532963 645824
857710 303272
752053 311570
967358 944159
878183 469840
651842 780775
772401 921358
467124 736617
573001 656270
573544 907147
558952 338053
864911 902996
377421 963187
754358 470359
685913 378510
416596 918876
724335 974306
922149 592740
985876 889507
653252 980412
359347 305094
761187 948100
342804 344663
801069 615805
700933 700933
374614 639304
376237 412667
504215 395586
606440 583755
849944 893152
969668 928454
309748 304897
769141 400406
927046 478234
502635 932905
831486 483047
408604 952932
944234 356704
995736 405250
974126 727893
922535 348740
483549 998773
577759 687764
394359 300551
387871 360655
310055 473892
989109 319803
478789 758251
420210 522187
936485 622845
571444 884323
805892 680048
837255 866478
853104 949343
388080 827230
677236 310616
992322 977137
425741 686433
664901 520100
803337 869125
697107 813392
343017 686216
949548 638158
560819 369758
860345 497304
808955 431789
497979 731199
928189 335234
714029 897645
400929 802110
724876 894517
812726 833550
871654 938467
519984 652908
574919 439673
522033 972026
953065 565050
774594 902613
319560 335414
388723 879905
649070 897678
428046 847050
745229 472587
998636 459259
370232 399566
377721 911460
994083 890447
745011 865738
945266 381347
518646 520185
521020 740679
608563 474085
422081 383157
493051 441641
418571 581774
437898 767642
595805 682296
731044 457386
854883 729680
732997 341467
829246 810718
952928 823330
701165 697939
689068 762783
895638 324066
982968 416658
881097 707883
707095 303178
791041 900146
561171 325964
598273 815421
909958 310430
497717 641002
467816 468952
370683 900814
510419 316281
711532 463347
839611 529050
977638 645031
991833 989628
785449 391154
406286 666546
799037 929734
786076 706430
946232 946232
347247 732395
544505 862668
758705 671287
476737 399708
955456 645689
586743 856270
856109 603024
684154 435808
558988 329556
529799 320371
437742 519427
805821 645248
742066 588719
444285 671800
374796 967068
618032 538395
815815 862538
401064 574520
650177 694153
790580 605633
339843 493675
578255 312304
913052 378762
448112 588392
408318 794263
608763 662412
313691 530936
307660 755757
819656 451946
427557 894452
535366 745589
432847 351181
724479 650263
742053 491009
344417 648986
796642 500612
842661 374898
512916 755713
453660 661028
460457 678330
455292 769221
340743 585335
416509 348403
457444 352517
616701 585001
946969 968419
446942 496169
319600 987774
962784 878006
595135 423553
526992 391777
624165 369653
583027 837081
941719 853039
614462 402176
531370 886106
987749 688465
471441 520611
853220 628885
573128 469922
330238 636450
554693 593532
832619 574294
697658 911755
452300 992793
335309 679292
500923 775826
865297 783950
612908 923368
636990 927370
441897 984712
929828 429646
673177 517621
766609 642749
962858 339738
929023 993096
676188 483717
702980 625159
758011 516991
536914 326663
626136 688575
822307 827059
464402 803956
727362 777310
727325 364352
821032 869222
465416 750860
415220 954945
384833 881830
597694 347691
337920 526718
340787 714108
710435 860119
339267 584798
493462 692533
727813 819599
381109 666472
646658 545511
470428 374020
439173 439173
314105 554724
376557 999679
836492 943769
531252 791437
328602 529434
505484 376293
567354 732202
533432 981462
558989 509903
437081 960139
703366 829614
804304 522965
910723 470776
869623 572586
641204 359996
828111 771662
614720 904668
771341 567565
964789 302593
359002 993391
532027 564486
369684 915733
413040 719468
897195 788381
929372 450628
864872 632738
980243 669176
972055 307318
839952 958030
579905 597509
318026 408016
369171 749099
429037 956864
316664 393826
959458 492018
503570 607837
872857 689606
639923 402249
409075 537118
890631 454799
804099 871855
787537 784342
541032 875944
791660 380984
833974 487917
794845 852001
712286 980368
717452 841323
937233 734116
351501 313043
926134 555071
737232 915343
361030 377155
317593 470105
730626 908224
624904 534725
780079 528793
319067 437463
404737 810727
634800 938711
414997 429645
907064 827283
410014 624516
784958 347247
474984 836459
476642 517471
507883 913874
432814 568913
991030 450407
855370 721656
474983 480274
956381 371415
825419 975448
508878 346508
902527 843678
401571 433876
389676 424988
961159 499690
749504 746117
663289 340841
698929 839931
558312 906812
753805 691126
475725 744835
841534 447447
582843 316517
744073 539224
504284 569492
631024 713163
732352 649904
556841 833923
783780 762869
375263 861292
962559 824768
607409 742200
981961 306338
698483 540273
329502 568641
347751 621579
313476 313476
889285 769026
712672 322155
513099 951896
526439 898943
699273 355954
631295 465529
729148 581571
365661 492017
656834 926953
570929 597954
650715 313129
579915 657053
827965 936540
802908 396606
984292 424487
526434 989929
309866 939106
428436 522965
307355 771228
421909 822980
827182 869556
988509 556330
451127 354170
748348 924314
981124 435629
522268 631839
565110 918536
405244 393075
855076 324504
489681 839368
448992 716116
829298 575210
771574 957734
798175 778929
728962 336436
601909 672497
322345 706770
928827 473472
760941 793527
514138 858417
345508 852759
606608 610619
771295 828204
703694 626371
852709 893376
582092 418053
725844 527742
693263 613770
601828 607790
392700 447143
644227 810961
819640 666572
517732 864819
956396 395025
774699 470535
953442 820207
439646 560050
430826 910941
388254 834521
653664 940963
844249 935756
359016 686445
579850 868631
300215 881679
476422 509267
328822 937001
320229 848462
603573 654313
829633 676321
749338 604332
963208 702780
424540 402854
962830 555366
430147 467436
506239 783812
524752 466840
835920 700120
853285 415771
568752 969853
413802 745174
479120 442624
682175 499349
407438 402100
853662 937071
894773 603000
541404 974334
422132 665944
377188 501314
337662 623688
668751 543902
407500 893503
710742 359772
593623 680380
591895 978727
650233 705697
723901 829353
964673 522428
445055 372111
740880 415069
309183 309183
752006 718070
666939 726340
956554 449235
919880 457869
486897 543568
826620 847151
767420 836475
674246 827193
546450 354626
419088 525178
821211 941138
365431 650564
905811 704212
911971 977923
445092 327041
403458 313450
861463 886749
739790 818017
335984 659671
975886 639233
903239 918858
602737 670660
871685 976983
614205 418136
447961 733293
759666 385524
790783 941449
852440 696595
645661 764412
674518 907106
791453 894328
920556 652916
781077 660347
470933 933413
436370 563172
688998 339609
598382 991735
826621 470068
385070 440826
704556 649383
990472 464222
734907 781255
405671 587348
594202 867685
351760 385072
774791 959565
979400 811699
612481 876829
588398 899766
926594 724768
579290 615593
880730 877673
607328 823703
347741 692399
964530 752297
341782 371354
332871 776690
968961 554894
480390 563164
422579 532150
764588 313722
491715 743989
941774 920548
737170 530172
820314 663765
371293 515957
979358 952023
393630 586686
775726 557723
395437 856608
426372 437220
344314 459243
330262 313276
714137 510652
692792 953069
859154 457380
966791 350869
317721 908565
387769 754892
555090 908083
535009 626383
540392 514367
578406 634022
917405 470484
308097 312843
443445 434469
566415 487759
593712 713029
617387 424202
340033 310179
493623 899187
583912 460414
366408 717985
485332 454177
589229 740422
478612 824238
483157 719005
454957 877915
469379 488715
348399 348399
477477 617910
608196 611946
884325 795956
322011 713706
413343 562565
753739 539875
756188 769278
940139 332954
952038 658124
518286 406215
947354 375060
701179 771592
674569 420184
342902 552484
589564 531617
717236 883393
849527 325432
611691 850204
937740 750054
680262 351084
312619 434001
707311 885159
319631 647450
918114 971669
305574 552752
494236 369280
744165 895415
840873 418734
315600 300127
787571 721516
531744 621159
721261 381271
762943 332952
347827 700684
783007 728089
868120 911978
978442 575431
797138 998073
339233 715252
386094 344807
384356 580330
414088 828521
592097 371313
363608 724049
371440 851179
561917 719536
472338 983178
917159 935281
316131 964986
752317 915490
809427 620437
827468 787869
312220 624606
902294 351453
456210 404740
512613 540567
801422 743053
369088 393519
814366 432696
817569 302158
400227 379486
838046 688917
362665 755205
740551 495148
836543 492868
526990 645970
813306 354458
550191 941878
795417 568837
993332 951627
673577 505945
492194 474999
948998 561283
568518 879716
810331 502439
998226 910559
581926 836272
715828 760943
707829 456379
372443 660724
649248 599433
423046 578906
770243 673237
520784 565660
942074 514116
517288 732003
836413 709482
907002 901763
387117 591872
781479 313801
910664 779705
340712 608942
732329 756540
369885 440158
912920 558680
917234 678520
858113 340280
957426 744708
713517 594562
310369 310369
771943 925031
527657 620298
761444 353491
643652 663208
440609 351877
561039 454410
962541 457097
495122 571483
305778 368014
757720 445937
980934 316400
363171 775806
990865 519804
733232 735573
349673 444147
745942 821617
369178 389951
558267 946974
443443 901920
610182 700404
953797 987574
971166 332690
444671 466288
604173 450449
650654 361893
712738 631589
494645 892262
407395 485510
528418 956980
337435 578091
517479 783378
399708 586657
989681 774328
533631 433124
676248 960166
949880 746397
947740 921046
779087 508763
387334 383260
775564 854341
561505 604655
485930 756150
613269 709677
358012 841687
783009 395447
419778 300488
995177 635839
703497 984859
410167 937129
534335 902767
313647 484216
649164 961387
405262 428251
586502 608949
627863 478418
463290 889368
899425 765572
761870 512694
591601 819882
470733 490963
915329 590512
491451 910507
342703 311301
895366 452870
948430 546053
355637 962077
730269 821153
339816 835532
365756 742670
444481 693619
921088 607771
699339 820514
489695 577561
449560 781296
397443 620294
972259 429124
327158 580063
339631 369861
591364 351349
639083 539794
597403 811072
618223 327672
632225 774391
979556 697981
517061 424037
507952 554501
848160 323643
491367 337855
601204 640928
935504 698647
377574 907763
827771 521084
487826 983755
590945 779190
335104 346380
435336 748859
857452 869911
892884 489677
644302 872440
304010 304010
861363 412830
628314 532217
377342 651957
723584 531550
953161 480864
467054 651808
674790 374817
595931 895874
678996 579686
603171 458186
731143 649551
709875 596354
507003 579786
489238 813032
924089 478031
817042 901804
707213 445356
550373 784555
797313 973958
432457 866826
571174 599511
518634 362317
790681 814566
958191 469677
510604 561363
627863 941747
910914 454090
654454 417918
733877 960044
347302 774318
438075 864345
676122 961640
426053 342848
862548 339719
433158 995005
906545 704332
594517 541532
766649 385198
472450 841193
554875 683054
402556 999090
741154 429822
453181 395608
664092 303410
355652 711395
777728 610080
692092 570202
571720 934497
613050 434268
390568 746208
429274 997114
566893 840143
654998 449894
341693 827448
991087 596568
626854 509995
712010 368008
756170 981543
579968 420262
984953 751973
948009 879033
478405 640101
565588 866477
690951 878638
417098 781519
741199 662724
894985 424444
502867 549983
574338 544560
377431 681778
