1000
777515063 632589362
611343057 315612361
946013880 351075129
850294227 3548780
797967102 474390160
644500341 207377716
562305163 31048672
256192946 62390149
132710843 84928553
753245338 236766051
922735511 867752162
923400924 30013293
195335418 51765156
799308929 268877862
779008783 264060529
409040196 222766524
896649891 834109580
724652556 100241370
728201335 632639811
950535596 430606913
447552287 55107846
637984629 617413008
746693924 331117308
532319506 268562211
879404767 138081194
599673279 505328261
387857903 60816705
965098209 375590553
583193320 27415832
233976071 214718453
309258944 291476360
623758648 40642601
348411204 143368525
628524685 140883971
943935916 76612540
131720385 59131598
549632576 244004554
601649742 575121861
148842851 133969248
843684071 28247618
349012332 272050441
627920896 185383495
736870234 3511449
172579904 150481704
236974124 30927280
387298356 174919989
546233068 11057004
542117942 68078940
211984558 208962910
170642627 141113447
82290574 5415176
249419729 125350181
726999922 484439500
824541590 633282350
713485519 668225661
985535959 661529967
869754343 141967213
459140927 23435804
997995010 173917507
881438639 631720831
871535536 410891630
957124697 56358628
735108890 124437567
947093447 351758989
522401615 185916826
940723243 191332002
457208539 66073424
941648038 440751730
645589695 117809670
574930388 211591564
786035331 88976705
508306024 49643873
83460267 73079676
967446950 81455277
451684131 246997182
962893915 510405161
871768892 323219668
320046209 58328558
848722809 671805197
887155984 857938354
651177947 46723163
503931701 78487986
569767720 371756066
445579739 67873765
873026476 489565735
279465328 128117416
962003180 329109200
636423439 45463447
456386740 402188875
979435072 649186056
908070870 794845337
83806888 12107567
519130579 332153775
220369738 142135445
852590148 3958973
107525723 50682135
356284445 38530058
926052164 554613835
852709923 262802473
993925928 752368208
725736399 273391256
733001973 540255929
602500455 221941763
438235725 4689330
678328502 270187147
586399372 506391735
518499302 65032484
670206260 584163062
850653076 664858054
804532800 707128398
764574872 369964553
757810532 726248997
803104929 164940717
504817512 65907403
498743440 17650640
670791960 595903388
624651046 256310283
988675666 79667851
478252045 279427741
156580547 84357181
549614887 443265265
614647370 595496269
814280916 118218879
517450343 51326783
783076932 708375932
224578741 5557835
834905623 472950804
584323182 128572083
999846339 89140694
870013329 46995835
570304144 440400483
318433067 65051529
826614427 159625084
304866472 144719380
439052824 81592910
988667711 313963369
909459637 377374524
455831431 191655441
507158213 27678516
709105783 663271797
786200873 68050495
668829632 541001298
621106496 105669164
522089731 473469186
569085565 194809857
635210339 195998865
366948281 139389710
818520486 552778218
697497597 526573364
965626188 123386958
631606856 289866676
954293899 8981380
262641680 199326313
79521178 53153170
769799893 762258952
837850387 742792975
400976176 264138957
231368036 22082672
753457766 369808120
564617976 348068207
396583421 175059681
166965740 52344665
763531702 605122882
985486225 290105066
961389533 155136829
786743684 108247604
103772559 62541503
648241414 303098872
701394583 177699533
947499425 382620049
316169886 125413024
717146061 637866162
721750547 242068330
611876449 591745082
939813289 327724663
502784344 29010775
188913060 81355440
952444761 522266433
538994671 360269009
694131500 95066178
203313781 174174892
333391534 277947450
981632947 118371634
581046321 296071166
816182720 535543881
851713766 96086941
794112093 733953102
568859827 36180424
308220000 13121259
648056872 635944662
952934547 677067647
141847608 138729006
610939436 513511789
946808718 149934107
873780797 41874896
696581956 47955689
245188677 29973491
363560310 325903138
864122787 759465809
659631475 252183018
755718415 575648529
222276972 103896784
525272960 342187867
650407866 258457395
759030617 538394219
343845116 138868879
288614614 130114234
899554049 338209073
643626022 285017792
517406819 49488156
598586462 179409037
424597713 417878857
743781995 481076302
640674372 197715439
355764154 152822197
931412682 449898457
908540611 553795240
103244829 6206004
264663399 79068201
606169044 469978769
745037922 23694016
813823884 164824979
875152156 152032958
518778178 64379028
966383532 289567099
888701347 468976135
564969994 306580204
893573848 46046296
902878548 386764570
258642702 96278085
546176541 539586767
300643728 42571734
99971781 48777738
403888556 31556331
165957486 10057601
354051449 42167851
607611872 167875334
482764028 206992829
271371856 172424641
854058556 461991739
742759903 90271738
930967873 655241732
901856456 677058071
804735005 553804377
650082461 63822642
915894056 603409408
958465790 48775352
904053135 1263483
859759877 160458042
32819813 25717363
239387612 23031992
630643863 67885213
407262945 274878041
965924241 579687585
819982797 398766246
489037983 41679324
825163546 415259050
169631856 144279715
550600442 502221618
974366860 418560609
742777267 53199253
101974605 21970017
778539501 553759407
413519284 103238087
988574248 791513892
814545883 291752996
359638208 227961860
487741154 297706097
487032598 116146688
885798843 67428739
961624411 936129484
374836826 203904884
639304308 371632891
373536739 141525926
774749682 200419950
827948934 412602884
943197216 287089250
782439888 349472973
885677974 65628751
762992256 709658993
726768573 54745252
954730432 376721226
674427322 266899809
753932406 294987937
790574009 214933025
579219843 492247599
867084424 29073787
668378094 635641076
91233665 9177816
865983346 662420369
75023253 62114115
857827680 546448631
362112502 181404869
280257602 207300653
822809258 67082844
989916594 646367766
730070859 219154171
996970667 453614548
893581492 748602484
603419423 536671852
963535509 95667022
992609295 968408044
815267795 604049121
759017810 660987389
465743286 175924108
477517506 380373750
250947360 23966137
465576211 238201430
298018432 57887356
745833812 124970199
588266757 120827690
850898548 623854314
807420927 77468862
700385565 553518769
826071346 156321338
942706970 642123205
911115015 104504709
772288853 634732500
367680486 148236239
685940121 531306663
324160346 8824170
427624055 66313871
885306655 157031650
943194010 893200265
491550427 455050081
920680558 575877770
397051222 79817184
739754460 279292668
832194582 474520084
153107780 145789580
988515919 88496550
945536977 795230984
852127914 282479834
717825830 72324750
283232422 101648844
758264870 607392767
962989362 677095090
700812367 35016822
834126739 780733436
496522728 289176820
272283863 269719636
717570939 204617397
996863606 666770858
796888206 141290942
942677785 681574538
522606807 146915071
883690685 794662404
588334949 468143784
77142238 38485965
513176049 212891009
140134808 123957269
955640519 820283775
801052359 707816946
656452886 635179098
341066732 5491964
776872268 613350594
494443207 275211600
941982457 670484340
467372547 343823164
935789748 25397702
262566682 82704819
998773716 400520859
868664642 729883572
659542159 439625016
952801064 759666956
872433167 752318113
545233292 76758333
877810691 707958632
216927869 105566588
446633319 365506140
222419832 142378408
497631431 59983913
582984603 489337964
685677477 292130238
227919986 50357150
563591529 165440181
964112387 163141154
893024725 16730248
685293379 456355263
444960336 405083234
409156327 277516401
338431009 49794799
822749692 757753431
928316279 68758051
827197649 434264190
227465948 49617481
429158947 139966211
771013260 399765262
722950813 691895499
625824312 456690738
772331835 20282267
935472988 791264492
836911003 807994739
681014064 522204382
116866352 86097298
819681067 526022678
869475866 216130049
891396090 864453687
933211737 479745647
672228720 306943296
899694667 219992277
501667573 209077126
461358737 39660878
762611690 272680833
581887920 5770587
778102421 240952352
454686536 32216845
566091759 291597539
692727933 99622173
809594285 666318271
485999338 38235821
254365869 188133313
905103349 207991554
687737200 145761959
690831436 670507028
994680495 910823712
570201696 56273972
462378923 265007635
537688468 517632708
523403294 77506964
318459315 119576388
426779274 154022065
720113824 203192509
895920442 718376812
819735996 237211433
857971816 558031077
723210771 598680739
931202324 112337685
503784089 110615994
471455875 47131875
633639371 318652720
957955587 56357417
374926691 75479572
745075749 518736340
613168039 596243303
585260777 120995393
914702617 275017458
117895127 12040051
995131281 582933212
866331918 814867277
820144645 276879345
525355444 395871766
875560083 490209478
231860522 179590440
651046314 453341821
278992397 86981193
969699034 89464334
197142075 143338609
662074948 164943905
942217823 778111944
110834601 63213217
215889071 25537219
190747024 80445471
185878305 143432345
862280612 515895032
853261931 188556027
378617375 139159957
584427792 14720040
868826853 616534582
174685024 99096912
378089308 120097246
261666216 89796280
467553641 257521175
632497545 139454705
934188877 919596122
263125839 30430724
849918443 479014909
908484291 40665467
904432985 411976729
927871761 79060121
932322052 766713597
758389903 116427788
553371930 163455777
625626292 32282630
724723203 169906512
290003757 59484004
321150219 102812511
570366151 232316387
578671393 224287441
350783866 55380047
318505885 158476318
233730939 8394762
797520794 142215230
901576577 62013873
980636698 899164564
989885633 518394511
912958750 106313422
276784414 76414527
902410705 512201701
961213506 682108212
479650259 20697510
824628318 582462769
194364078 56944705
625551821 5345271
133748495 60725317
976335686 292224813
379231201 62582975
153135924 29268345
57314554 54712501
956479117 91282218
887865548 81167851
653340648 327389978
604174391 39997622
582271525 404715672
396001381 359101446
838751704 86823884
763968552 269215240
463579317 273730824
673429606 131592444
807178101 89131138
917983173 192317760
424065310 99402914
833082497 105055187
890397050 453333655
397132222 12284037
900149585 699392517
330816422 26782495
406006583 223330394
988278107 483473235
695091031 628046065
567386299 384279488
653494727 386359085
660089908 331354851
969590394 4784457
911237881 791682351
836516460 664478907
681737405 616398170
514819902 260581771
721453356 566431775
586253743 257733303
963563996 809642169
338919678 294380418
744926260 688941014
517710811 24930599
733204368 145756877
970000205 720021629
565659525 106380715
897014375 476011283
618986972 445601677
754315181 263185674
271310439 209355908
891093312 99702134
887708608 212800254
461678315 258429565
779232028 516162867
742796024 47932058
386851735 178321386
889692792 867262399
259919953 131777995
892192998 717498712
612214627 258193179
823852703 540015268
571111691 16026551
573383428 190098664
314144577 180214960
523500484 453284337
451525398 405502820
414593797 339234006
673023361 618303074
800912320 397535102
701360727 41702578
992847476 220023963
882540268 88212462
87286363 72506807
831995710 142460221
642521868 253169750
296726687 35053486
867838378 77022453
650405881 51080036
365224612 57937042
830620840 363737728
888725096 134662588
769240547 155835243
473896593 240059971
681374953 127325264
723077530 637595073
828685990 482958899
795617842 769414802
735420554 218015517
694437958 212992087
567416264 189476176
864142951 466161836
543184289 224529662
584497679 128126047
494951070 46106520
729243709 493350659
858688797 234592105
863906296 480445694
242943697 190319239
924318649 720505665
317644502 210617088
998846842 499912529
693575986 295530371
911591502 620777994
167732302 30950926
450883539 124583589
443261775 357208477
434254488 167542840
986446063 752040518
885068932 562380535
99507938 55731194
958196734 614312641
330735287 142839648
385783344 291158779
864180793 521054525
838699027 162618343
662530871 74797881
690062219 620890216
958061241 310840213
841528516 384998068
478572514 362098006
688297340 144928406
805359780 164987595
644322193 122551829
917028113 684932363
381907475 16536051
996220115 593179906
827249135 588535903
970924263 179471752
974319246 700526277
835105056 136937589
762419286 391741654
651984809 81803873
462562400 235825852
473340269 245160435
723732948 156607267
835438274 301535672
493314405 264546638
466523266 387098466
990152947 236067729
924547178 372060423
370243434 105120130
784885614 220796888
958779336 400268640
785614932 755809877
443431283 100794917
775068870 345052920
427053679 58366919
426856792 146709120
889616079 672017226
620049388 46223346
308004012 248266524
512813161 200275367
801318416 519314982
752427977 643987714
755382711 676975155
713019190 16048137
89361374 47218590
858514275 497904804
342146363 106231031
644129208 295457629
402178663 271714428
640510548 460545581
698768107 67367340
607254700 440900536
591900915 79820438
692683788 339640231
392431947 387824449
58013300 41659216
911746928 810441276
685646929 519645989
554211415 339932781
239667720 232665179
643572788 583086332
985719151 98181996
689317362 594827553
133693130 91496025
866541980 774203678
417826437 404557955
864329004 694087367
858726972 138504633
944149441 50883553
831188420 331973891
889201719 443315499
373633106 207578778
699642995 59280035
727224766 39575777
959889945 466007799
131759846 109580587
395492627 229941841
947816087 84809990
824769393 81509218
543827724 28822364
708229245 285896669
961654160 402316612
672897483 2742023
946891464 540821244
723781035 224526015
131381705 19612885
505014810 113727734
665887079 227191662
954416427 416811194
882818992 557979205
766822722 689739050
844915928 14831700
919680891 645248366
596966634 99641689
980980401 579273933
140794358 140019528
954964868 119393420
542336139 122135443
935673733 627862351
204159736 69026907
160199748 52924961
126443831 76288970
557939770 303480631
827267313 792330909
350310114 110413409
729752480 562602655
260034933 40049165
812246405 744584179
905283298 696742217
337073581 261729389
530238969 255040097
649632388 477093108
871945597 62521315
690383665 624284180
807619330 545827436
820335427 747059750
823348720 598752396
946779257 9208516
739110167 126829351
836475828 89759109
941936630 399078483
834502144 819511589
659113416 416612118
499264899 416913064
760994288 113354336
643593304 606502995
868550734 83596103
931072048 145742042
808058049 770026222
473972063 468193729
221031813 168370008
767122404 288529156
87824764 44380533
776330919 23726234
826934930 612806748
966001691 621387910
864401580 638029630
455890055 376031346
955154953 54641749
792944410 20512434
568665591 251963755
664105737 289732675
662364128 188076207
996134256 220804723
694776785 284906700
464327985 453276708
768324948 605373491
665221830 220399112
996730030 693198254
541464413 372649534
507466105 462053128
994037443 178971059
302443848 145495735
555002404 52653833
200463164 110115152
678780742 73166266
589788352 452426918
968513417 640503125
252152481 41834490
636637381 537059180
953481715 589127625
990335887 357452573
558855206 63251349
104569810 22674403
912497729 416655166
477219343 227067207
924121270 471256787
922133354 406038265
961040669 773700634
883815785 827303537
900469802 161503833
613930751 415112878
342774505 236142645
594926985 106950226
743587606 130493484
984502514 719621108
827354752 549585671
108440878 77073681
952264433 890606100
655620179 65527037
542746380 221435949
882687386 145557219
288725651 14003167
920206922 640220150
600026809 102282670
376552286 263786503
644181513 353012962
730233603 695787466
880324157 837183828
143230801 10817641
433287784 127733315
982873454 582955099
955088066 512545129
943830681 698210517
317325912 9357719
538761860 206347046
552104098 89034432
536835428 418623614
309558701 230276433
911360113 332559102
909585509 140428749
596345604 262598471
784610261 179095557
958385936 517450768
101616737 16279385
449567168 380784759
963739857 81866402
889470817 284956973
476284986 228787654
793610898 440197684
646544730 90661722
642765819 184889108
735579161 721724536
965855593 913905782
825265896 31283237
940868745 150931046
965694644 747276649
602821256 55983567
926372206 866885852
795167940 120272024
821018939 501056782
902885340 97251459
382208431 317312989
793597975 644872507
610996084 85070192
701657806 439725223
731614921 624614330
319710432 196939975
198855216 110845758
230138452 138082376
788628003 289013421
606838997 23523548
888806419 79507114
667694975 62176603
798909315 182448627
619928254 462862916
560114374 536021758
853334747 375329944
942322804 20202452
499449072 405835238
957788992 939174294
960009393 541920263
416304974 9465719
861630694 615160190
852229419 120311476
761455828 697814991
721338538 141242840
882565609 220811175
653362001 282987778
550260584 304787667
865639849 317952754
924715920 853974511
278270573 152562215
707309258 73109727
59274680 25281016
983070007 478944965
998448973 291470708
377506620 267270298
300936426 91653664
734946837 273764251
943883083 432761828
937642272 35220079
108547604 6616717
820207881 512495067
244051731 222984816
817282733 562004484
594515004 88624665
415978995 219411588
975804603 747077218
624874583 292521314
771466278 35079283
886044606 460460940
837967559 62936987
216389762 5831254
929621222 740778090
873504305 490154013
377890441 26056268
663662928 32672984
486438044 336387159
730489774 545168051
559371974 214967134
500512989 145010608
809482137 560989603
719924576 409075705
389310556 12445890
424389838 33950288
636428518 494411227
551881854 162950794
184895136 168782047
768271615 114516359
909560136 110941978
935616404 840537013
504199941 488832419
975270462 968289387
840587100 365973788
558276587 252475424
703287194 580940922
605504762 242939409
177945688 116793147
652015114 506103702
685965401 42907928
783009890 679336445
945960683 32892979
217788114 83734649
704522613 114742731
184820822 24302867
815464591 25357836
812435620 304297010
633241358 382074126
132083822 75177576
999215145 542876758
432672417 327653000
933157761 98680303
675611826 215473449
180143290 111103450
574093501 6527727
866108690 357103391
751518018 685864171
622115169 155580424
969306132 270323154
326637782 6643304
147142371 142102373
959577990 32001139
414075265 298915732
445335698 283515904
489252840 297067194
826392661 669422189
925072963 729739610
455096301 257867786
418716100 140546413
567156263 438011075
425243826 156636116
924259653 111107997
908154133 79840077
729976615 585739515
912377296 202679581
736619919 202338301
906996019 621137407
58428101 14432641
459768339 35212672
376981862 341944004
756835532 20853016
339091492 46404051
945925978 354016701
938988740 596959278
887486702 772732800
506145003 197976626
282921006 44122818
804793301 161600972
747340486 215277433
387286266 270473363
976422534 512234133
472811663 271746502
597559942 487244303
485288963 182690952
947012641 524634956
714787174 703848173
613707575 545487971
343930299 42939666
967724275 492415293
740457076 282919040
641580392 232418345
790950051 129057513
952551023 924501398
992295180 933850813
552407859 173653429
917158341 262768543
735580205 2592314
600152255 41421193
224112145 75340858
937957567 22353500
748747100 652744742
578718022 146751421
474174037 118968667
490681719 86692942
966589329 626117108
679666367 51524025
470616419 267697501
180581537 44715249
275683792 114432350
680608000 37010429
152295321 140602128
597766342 143194441
740391875 639187534
815732732 595863045
863299678 533820613
838086231 464563128
269320604 39081705
463830898 158050371
954512617 743494640
562600320 97259662
776926029 433146075
700843575 614124344
794705880 100058798
598075173 375742589
761654579 487601951
902256706 56350589
