0
44
24
36
63
255
34603536
17
26
48
96
145
34
189
138
160
109
25
137
16
126
38
204
53
59
50
12
14
23
151
31
79
34603536
42
76
77
147
184
226
75
19
78
149
199
162
55
134
113
104
107
223
246
87
112
47
27
241
180
63
182
177
84
141
171
131
64
33
91
188
252
206
105
106
30
208
88
129
247
116
133
217
57
136
233
229
153
115
253
231
173
3
197
140
163
35652128
176
15
175
22
8
195
72
192
7
20
127
185
101
161
190
119
118
166
236
210
71
121
249
94
242
56
68
1
45
39
150
114
154
209
90
214
130
196
200
178
152
187
9
235
65
158
240
99
132
102
21
238
143
18
203
93
28
110
194
224
13
181
95
250
170
216
139
183
10
37
148
220
125
35
80
157
215
70
251
120
2
168
74
198
244
92
227
228
89
103
230
156
243
169
124
128
212
98
205
234
155
46
213
219
83
58
248
191
172
66
221
232
97
60
61
159
186
54
237
108
146
62
218
222
85
40
245
69
86
117
225
29
193
52
202
165
43
201
254
167
179
49
239
51
122
164
73
82
100
135
41
123
211
67
144
142
81
174
11
207
111
